   0.0000000e+00   0.0000000e+00   0.0000000e+00   0.0000000e+00   0.0000000e+00   0.0000000e+00
  -1.1946199e-02   6.8459791e-02   2.6128090e-02   4.8891998e-04   3.3816247e-04  -1.0850475e-04
  -1.5204211e-02  -3.7447235e-02   7.4281087e-03  -1.0000081e-04   1.0566668e-04  -1.0876656e-04
   2.4531675e-03   1.8144084e-01   8.8071288e-02   6.2273966e-04   5.0886589e-04  -2.0820262e-04
  -1.0420947e-02  -2.1005825e-01   1.1824827e-01  -5.1177565e-03   1.9244401e-03   1.0280776e-03
   5.0365517e-02  -1.9099278e-01  -1.0397982e-02   2.1414740e-03   1.1030113e-03   5.8751843e-04
   5.1679926e-04   2.3261315e-01  -2.4584712e-02   1.5054607e-03  -1.2490682e-03  -1.4035705e-03
   8.4701534e-02  -1.0035604e-02   4.3125355e-02   8.2160369e-04  -1.9110108e-03  -1.5376093e-03
   7.3292428e-02   9.3751964e-02  -1.0805590e-03   3.6815258e-03  -1.8539388e-03  -1.6677328e-03
  -2.4066133e-02  -6.7468985e-02   3.2068553e-02   1.1672449e-03   4.4734624e-04   4.9519311e-04
  -2.0917013e-02   4.5700384e-02   5.4521777e-02   1.9874618e-03   2.1813758e-04   4.5556399e-04
   1.1254129e-02   3.2225332e-02   8.9641024e-02   1.6632973e-03  -3.6513536e-04   1.5318459e-04
  -3.7665150e-03   2.8168094e-02   1.3041327e-01   2.3307896e-03  -1.0925632e-04   2.5654867e-04
  -7.2530467e-03   8.9781948e-03   1.0074440e-01   1.5357802e-03   2.1530035e-04   3.9729604e-04
   6.4170811e-03  -8.3199671e-04   8.8990958e-02   2.0089748e-03  -1.6990224e-04   4.2739285e-04
  -5.4729340e-03  -2.3899441e-02   6.1126285e-02   1.6777149e-03  -7.9715805e-05   5.3709223e-04
  -1.1520790e-02   2.2989335e-02   2.4477791e-02   2.3454298e-03  -4.3265346e-04   4.5340184e-04
   2.2260476e-02  -5.3128015e-02   1.0528756e-02   2.0588979e-03  -5.7667578e-04   1.9652351e-04
   1.6973581e-02   7.8605186e-03   2.4845786e-02   2.6427980e-03  -6.0913133e-04   2.6571437e-04
  -2.5252059e-03  -1.5848669e-02   3.5820127e-02   2.5861303e-03  -3.1093758e-04   2.8769049e-04
   4.2390173e-03   1.8868781e-02   3.9134683e-02   2.4845927e-03  -2.2099393e-04   2.2186676e-04
   1.4066334e-02   5.5691989e-03  -1.0779652e-03   2.5016168e-03  -1.7608900e-04   3.7958657e-04
   6.0999837e-03  -3.4225449e-02  -2.8890941e-02   2.3574530e-03  -5.5703992e-04   2.6761898e-04
   1.7489520e-02  -2.9022292e-02  -2.2004969e-02   2.4033812e-03  -5.2428673e-04   4.2140992e-04
   1.3887536e-02  -2.6990417e-02   5.0834474e-03   2.5335097e-03  -3.0380606e-04   1.8039346e-04
   4.9100473e-05  -2.9731994e-02  -2.4067058e-02   2.5898949e-03  -3.8692438e-04   3.1969394e-04
   8.0829947e-03  -2.3170600e-02   5.6857693e-03   3.0910817e-03  -2.7697505e-04   2.8246419e-04
  -9.4786163e-03  -1.4927802e-02   1.2418247e-02   3.0365750e-03  -1.3150459e-04   4.1842828e-04
   3.0837151e-03  -1.1747931e-02   4.9723740e-02   3.1820410e-03  -4.1414173e-04   5.9899765e-04
   6.7325247e-03  -5.8745367e-02   1.2065911e-01   3.0287362e-03  -9.6654893e-04   5.8355327e-04
   2.5972353e-03  -3.1073034e-02   9.6788441e-02   3.4467827e-03  -1.2104737e-03   4.3115598e-04
   3.4316467e-02  -5.2101277e-02   9.1803075e-02   3.1071327e-03  -9.3220057e-04   3.6503919e-04
   1.6101740e-02  -1.5831343e-02   9.9238643e-02   3.2072621e-03  -7.6243265e-04   3.2577785e-04
   1.9493086e-02  -3.8305778e-02   9.6955660e-02   3.3574033e-03  -7.1670048e-04   4.4138894e-04
   3.6532351e-03  -1.8710691e-02   1.2169055e-01   3.3621055e-03  -6.5762540e-04   4.2500253e-04
   1.1617777e-02   8.4357304e-03   1.1373882e-01   2.7130933e-03  -7.6218237e-04   3.5931544e-04
   8.5798270e-03   2.4432257e-02  -9.1785295e-03  -1.8537150e-04   2.1938734e-04  -2.1169141e-04
   9.5902389e-03   7.4488367e-02   4.0963831e-02  -1.4953606e-04   3.4297283e-04  -1.4309856e-04
  -2.3340011e-03   4.0488685e-02   1.1424288e-01  -1.7820108e-04   2.6120701e-04  -2.3075545e-04
   1.1414095e-02   5.4026746e-02   1.0665824e-01  -5.5297683e-04   9.4567739e-05  -6.4722977e-05
   1.1242224e-02   2.3079391e-02   7.9999157e-02  -1.4318320e-04  -1.5151305e-04  -2.5397733e-04
   1.1363948e-02   5.8495099e-02   6.8950157e-02  -6.4417422e-05   1.0092358e-04  -4.2833479e-04
   2.4516757e-02   5.2796831e-02   8.8340589e-02   9.6900488e-05   2.6364144e-04  -3.5691865e-04
   6.5409669e-03   5.2959409e-02   7.7244326e-02  -8.1728532e-05   4.5750840e-05  -3.6547343e-04
   1.7672924e-02   3.4224277e-02   9.7180619e-02   4.0982744e-04   1.8093482e-04  -3.2266332e-04
   9.4328269e-03   4.2863998e-02   1.1065435e-01   2.2543881e-04   1.9808765e-04  -2.1968344e-04
   1.5915407e-02   6.8883192e-02   1.0848262e-01   9.9656349e-05   1.4577708e-04  -3.3010883e-04
   1.0857510e-02  -1.1858299e-02   9.1983960e-02  -2.7157215e-04   5.1019920e-05  -1.5782497e-04
   1.2151297e-02   2.5848074e-02   7.8827104e-02  -1.8497339e-04   1.2354186e-04  -3.1114274e-04
   2.1179680e-02  -1.1441528e-03   7.4162761e-02  -6.1941710e-05   1.0914986e-04  -2.6709091e-04
   3.7553660e-02   6.9480124e-02   9.2145199e-02   1.5294076e-04   1.9928544e-04  -3.1775091e-04
   2.1221761e-02   4.9877923e-02   7.8878785e-02   9.7782779e-05   1.3030107e-04  -2.5759534e-04
   1.8814096e-02   3.0289952e-02   8.7757186e-02   3.1505322e-04   3.9641260e-05  -2.5127649e-04
   2.7265324e-02   6.3611156e-02   9.8056357e-02   2.9461864e-04   1.1975635e-04  -1.6210868e-04
   1.3631631e-02   1.4376159e-02   1.0352651e-01   1.7776419e-04   1.5163302e-04  -1.3926594e-04
   6.3580758e-03   5.2575449e-02   8.2556912e-02  -3.3642754e-05   1.5504711e-04  -3.5574118e-04
   1.2628343e-02  -8.8119547e-03   9.0483080e-02   3.2579265e-04   3.1779959e-04  -2.5465445e-04
  -1.3227529e-02   1.7893095e-02   1.0212735e-01   2.9731956e-04   2.7401271e-04  -1.2012072e-04
   1.7620175e-02   5.0510464e-02   1.0388137e-01   9.6549964e-05   8.8081204e-05  -1.8400144e-04
   1.2409987e-02   4.2800542e-02   9.2292057e-02   9.6836895e-05   2.2211974e-04  -1.9733252e-04
   1.6319877e-02   3.9854219e-02   9.5511957e-02   2.0497561e-04   3.5368919e-04  -2.4222364e-04
  -5.6595542e-03   2.0296807e-02   9.6103108e-02   4.2575308e-04   4.0375165e-04  -1.7704889e-04
   1.5386541e-02   3.8378752e-02   1.0201167e-01   1.0436480e-04   2.9188723e-04  -2.3751056e-04
  -1.1249601e-02  -1.9955643e-03   8.6989927e-02  -2.8820321e-04   3.3966948e-04  -9.3984629e-05
  -2.0486286e-03   2.6863404e-02   8.4872659e-02  -7.1568289e-05   4.0545767e-04  -2.3078223e-04
   9.2087792e-03   2.3724441e-02   7.7236282e-02  -4.0523202e-04   5.9484217e-04  -2.3887659e-04
   1.4295198e-02   7.1195257e-02   8.7686225e-02  -3.3793923e-04   6.7551809e-05  -1.0601154e-04
   1.1990506e-02   6.5336254e-02   8.3804257e-02  -1.2836333e-04   4.6500841e-04  -2.5226941e-05
  -1.4936605e-02   8.2500266e-02   1.0107119e-01   5.4546460e-04   3.4809481e-04  -2.6586285e-05
  -1.7919656e-03   9.0795845e-02   1.2541008e-01   7.2217569e-04   5.9944267e-04  -1.0337084e-04
  -4.9326228e-03   3.9486075e-02   1.2784669e-01   5.3160273e-05   6.2088397e-04  -8.5099923e-05
  -3.7472369e-03   5.2017852e-02   9.5930483e-02  -4.9250321e-04   4.5524968e-04   1.1062457e-04
  -3.4509423e-03   2.3092191e-03   8.4469141e-02   2.5840271e-04   7.8733513e-04   9.3783913e-05
  -1.1443237e-02   8.3014075e-02   1.3047915e-01  -1.9102955e-04   6.9484725e-04   1.1259628e-04
  -2.5515015e-02   1.0454474e-01   1.2350517e-01   2.1176366e-04   5.1870545e-04   1.4130073e-04
  -4.3644327e-03   7.1937207e-02   1.0094049e-01   5.3322866e-04   2.8491689e-04  -5.7229815e-05
  -1.2219372e-02   9.1485417e-02   1.2081652e-01   6.4819606e-04   5.6904388e-04   4.2253572e-05
  -7.1177101e-03   7.5143815e-02   1.2325258e-01   5.8242162e-04   5.0330910e-04   5.7861989e-05
  -9.5610830e-03   5.0472138e-02   1.4541954e-01   5.9477848e-04   8.6062516e-04   3.2753902e-04
  -9.0564599e-03   6.2795899e-02   1.2522853e-01   3.7063005e-04   6.4281847e-04   1.9496262e-04
   2.1741158e-02   2.8741269e-02   1.2717898e-01   1.5800397e-06   5.6721866e-04   1.3107426e-04
   5.4568007e-04   6.0333489e-02   1.1257264e-01  -2.3615114e-04   7.5925653e-04   1.3747176e-04
  -9.1737147e-03   3.6422185e-02   1.2949300e-01  -9.3917123e-05   6.5032822e-04   2.0579549e-04
  -5.1354132e-03   1.0434556e-01   1.2286451e-01  -8.5960489e-05   5.0756466e-04   2.3082550e-04
   8.2039238e-03   6.8830410e-02   1.3908481e-01   9.3810072e-04   6.8410804e-04   2.2919595e-04
   8.5920411e-03   8.1014000e-02   1.5220059e-01   4.8141661e-04   4.1096748e-04  -1.2612604e-04
   2.2767751e-02   5.1236363e-02   1.4455207e-01   1.2616754e-04   5.5996384e-04   1.0281364e-04
  -6.5613366e-03   8.3117863e-02   1.3802788e-01  -5.9549828e-04   4.0709101e-04   2.2244450e-04
  -1.3165964e-02   8.0459883e-02   1.8398338e-01  -6.8791435e-04   7.9225259e-04   1.5659750e-04
  -1.7498200e-02   7.1583700e-02   1.6868527e-01  -9.2371477e-04   7.5054988e-04   1.0539758e-04
   2.6565331e-03   8.8905393e-02   4.0439996e-01  -8.2760670e-04   2.9203924e-04  -1.7921597e-04
   6.6004744e-02   4.7387633e-03  -7.4325265e-03   8.0140238e-04  -1.6310435e-03  -1.4078805e-03
   9.4244957e-02   4.4903188e-02  -1.4488669e-01   2.8609080e-03  -5.7391797e-04  -1.3914104e-03
   5.5817336e-02   7.6397532e-02  -1.1616664e-01   2.3358418e-03  -2.1999684e-03  -1.8823693e-03
   1.0455688e-01   8.0707554e-02  -2.4463901e-01   1.6070981e-03  -2.4114976e-03  -1.6409961e-03
  -5.3991039e-03   3.0621038e-02   7.2888840e-02   1.8822229e-03   7.8290443e-04   4.0942327e-04
  -2.3296444e-02   1.6029942e-02   1.0788903e-01   2.0128892e-03   3.8315422e-04   3.0605104e-04
  -1.1308688e-02   3.2669931e-02   8.2999548e-02   1.5949287e-03   6.8939735e-04   1.7734685e-04
   1.0640800e-02   5.5543004e-02   7.8237817e-02   1.0388974e-03   3.4301697e-04  -3.6518493e-06
  -2.0852293e-02  -2.9323168e-02   6.3591574e-02   1.7720861e-03   2.8271701e-04   1.0006603e-04
   2.4815335e-02   5.7451118e-03   5.3469027e-02   2.1331680e-03   9.2920010e-05   2.2058570e-04
  -5.1277358e-02  -5.3035331e-02   6.3588598e-02   1.9599225e-03   7.1098922e-04   6.4078421e-04
  -6.4306857e-02  -1.5617141e-01  -1.6836057e-01   2.2611311e-03   1.6322053e-03   8.9310556e-04
  -4.7409908e-02  -5.5966781e-02  -3.3539131e-01   2.4735853e-03   2.5610342e-03   1.6345958e-03
   4.8725495e-02   1.5122253e-01   5.1261163e-02  -1.2713240e-03  -1.9430314e-03  -1.6547996e-03
   8.2510330e-02   1.6000070e-02   7.9231735e-02  -3.6679730e-05  -2.8286486e-03  -1.5112754e-03
   7.8604797e-03   2.8658714e-02  -8.8737000e-03   1.5418643e-03   6.8134672e-04   5.9255871e-04
  -3.6868703e-02   3.8105021e-03  -3.0394057e-02   1.8465757e-03   3.3968320e-04   4.4790341e-04
   3.2531645e-03   2.6599737e-02   1.2237859e-03   1.0862672e-03   3.6574735e-04   4.4824183e-04
  -2.2689008e-02  -1.7175483e-02  -7.6813998e-02   1.8411051e-03   3.6723382e-04   5.5713481e-04
  -1.4368349e-02   2.4277290e-02  -5.3448490e-02   1.8360136e-03   5.2572935e-04   3.3866549e-04
   3.1547921e-03   2.2527510e-02  -4.0489383e-02   1.7813160e-03   2.8259351e-04   4.4605610e-04
  -4.6758240e-03   4.4903861e-03  -8.2669634e-02   1.7564544e-03  -4.4890156e-05   4.9781883e-04
  -6.3722223e-03   2.3021156e-02  -7.4591107e-02   1.9492859e-03   1.9696527e-04   4.1214026e-04
  -4.8315995e-04  -1.3270479e-02  -3.9751576e-02   2.2303322e-03  -1.8363672e-04   2.1727460e-04
   1.8326325e-02   4.1749969e-02   1.5658430e-03   1.9102409e-03  -3.6155976e-04   3.5464840e-05
   1.9799587e-02  -1.4370898e-02  -2.9726521e-02   2.4395244e-03  -4.5766026e-04   2.3034201e-06
   2.9078357e-02   6.2306553e-02   1.5168450e-02   1.7843756e-03  -5.9855162e-04  -2.0266600e-05
   1.4049906e-02  -2.8592877e-03  -5.5433941e-02   2.1215027e-03  -4.8252856e-04   9.1278694e-05
   2.8727717e-02   9.9887776e-03   1.1686358e-02   1.7247496e-03  -7.3496020e-04  -7.9658494e-05
   1.3130543e-02  -4.2243439e-02   6.0676140e-03   2.2542301e-03  -5.1035231e-04  -8.0616765e-05
   4.2705951e-02   5.1565074e-02   4.4211489e-02   1.6674482e-03  -7.4248334e-04  -1.4619412e-04
   1.6250591e-02  -1.5502886e-02  -3.2851931e-03   2.5350510e-03  -6.1943300e-04  -2.6625588e-06
   3.2989265e-02   2.8861169e-02   4.1955727e-02   2.1458345e-03  -7.3884263e-04  -4.5524413e-05
   3.8253493e-02   9.0104747e-03   1.7056081e-02   2.2170959e-03  -1.0263197e-03   6.4037661e-05
   3.1144462e-02   4.5183913e-03   3.0981206e-03   2.5544912e-03  -8.2715679e-04   7.4292489e-05
   3.0585060e-02   1.4221684e-02   5.3203437e-02   2.3588487e-03  -1.0835093e-03   4.1352610e-06
   3.7584121e-02  -1.4908454e-02   2.9426715e-02   2.3890264e-03  -1.0999066e-03  -5.4824863e-05
   4.6179794e-02   5.1975363e-02   1.1535441e-02   2.4162605e-03  -1.0074891e-03  -1.2256919e-04
   4.2811419e-02  -1.3637795e-02   3.3175457e-02   2.8386240e-03  -8.8940907e-04  -3.0719419e-04
   5.2362572e-02   4.3783705e-02   3.8710189e-02   2.1866608e-03  -1.1341645e-03  -2.9193190e-04
   4.2145290e-02  -4.1254331e-04   3.8211546e-02   2.4979556e-03  -1.0727450e-03  -3.5491438e-04
   6.2389553e-02   3.4152182e-02   6.6941778e-02   2.5887387e-03  -1.1321035e-03  -1.0732821e-04
   4.6409179e-02  -2.5219074e-02   7.2452004e-02   3.4829235e-03  -1.0634530e-03  -8.1703645e-05
   4.5836536e-02   2.8164164e-02   1.2191688e-01   2.5197903e-03  -1.1338583e-03   1.6610031e-05
   3.0583954e-02  -2.2587227e-02   1.8426016e-01   2.0984491e-03  -1.1254099e-03  -1.7855084e-04
   5.8679077e-02   1.8260064e-04   1.5310122e-01   1.5117459e-03  -1.3062564e-03  -4.3671557e-04
   2.5481942e-02  -2.1233448e-02   1.4445304e-01   2.0426627e-03  -1.3033114e-03  -2.3137152e-04
   3.9299755e-02   5.7728463e-02   1.7771400e-01   2.7188203e-03  -9.8637714e-04   4.9959173e-05
   2.5923607e-02   4.8367098e-02   2.0966426e-01   3.1601942e-03  -1.0826683e-03   3.9755996e-05
   4.8261823e-02   3.6291670e-02   2.2713031e-01   2.8272024e-03  -7.7532946e-04   7.5966427e-05
   5.1537270e-02   2.6851958e-02   2.2263410e-01   1.9769801e-03  -9.8059693e-04  -2.5418510e-05
   4.5133856e-02   2.4256778e-03   1.8958569e-01   2.0154342e-03  -1.1162579e-03  -5.7248055e-05
   2.9457563e-02  -1.1387175e-02   1.8276887e-01   2.3427809e-03  -1.2407714e-03   6.5327588e-05
   3.8397000e-02   6.4282987e-02   2.1328299e-01   2.6944246e-03  -9.9973959e-04   9.8037282e-05
   2.5174352e-02   3.1855680e-02   2.3836646e-01   2.7062604e-03  -1.0771207e-03   5.7616289e-06
   3.8005376e-02   4.2969167e-02   2.4245793e-01   2.4612062e-03  -1.0369567e-03  -1.5465737e-04
   3.4534864e-02   1.3369201e-02   2.5325554e-01   3.1636776e-03  -9.6341372e-04  -1.1516081e-04
   4.2937200e-02   8.4189457e-03   3.1563039e-01   3.3768446e-03  -9.7696660e-04   1.9046357e-04
   2.6291077e-02   4.8634463e-02   3.1128351e-01   2.9792150e-03  -8.4215450e-04   3.6057779e-04
   1.7503640e-02   2.9744657e-02  -4.2927099e-02   9.0533592e-04  -3.5697511e-04   6.2353527e-05
   3.3585490e-02   6.3386292e-02  -1.0932888e-01   3.2179118e-04  -7.1914483e-05  -4.7714219e-05
   6.2716311e-03   3.6697663e-02  -1.7219090e-01   1.0870214e-03  -5.9590134e-04   1.2068700e-04
   1.3411330e-02   9.0837012e-02  -1.7185646e-01   1.1254574e-03  -3.0060923e-04   4.0768980e-04
   1.3890195e-02   9.2697760e-02  -1.5985649e-01   1.4395407e-03  -3.3055209e-04   3.6029763e-04
   1.5717652e-03   9.9295141e-02  -1.6907059e-01   1.1819755e-03   6.4655873e-05   2.5619468e-04
  -4.0770024e-02   3.0060703e-02  -1.6453159e-01   1.4934780e-03   2.6540397e-04   3.8387053e-04
  -2.3546976e-03   6.3292916e-02  -1.2653279e-01   1.0340462e-03   7.6063043e-05   3.4583775e-04
  -1.3078063e-02   1.8100160e-02  -1.1761133e-01   1.3139189e-03   7.5766259e-05   3.6124752e-04
   2.8364779e-02   1.2858080e-02  -1.0406060e-01   1.0522233e-03   1.9268389e-05   1.9211906e-04
   1.5526373e-02   4.6475129e-02  -1.2188833e-01   3.5166856e-04  -1.0509371e-04   2.9872887e-04
  -3.1647467e-03   3.4795259e-02  -2.7644561e-02  -1.0493124e-05  -1.1804121e-04   9.7370589e-05
  -1.7473076e-02   5.3096757e-02  -9.3143648e-03   1.0084836e-03  -7.1439247e-05   5.8921601e-04
  -5.3073489e-02   2.3253988e-01   8.9845678e-02   3.2026317e-03   3.2733369e-04   5.9845351e-04
  -1.0460340e-01  -7.2298463e-02  -7.8734040e-02   5.3307220e-03   4.1265371e-04   1.3516248e-03
   3.2258573e-03   7.5869499e-02  -1.6035338e-01   2.9036968e-03   6.6013647e-04   1.1632911e-03
  -2.7117531e-02   5.5529089e-02  -1.3354274e-01   1.0092304e-03   7.3592917e-04   8.3164659e-04
  -1.9335307e-02   3.9759121e-02  -1.6423699e-01   1.3278928e-03  -3.2728623e-04   5.3067182e-04
  -1.0409184e-02   2.3465488e-02  -9.7843589e-02   8.1087672e-04  -3.2187756e-04   1.2551051e-04
  -7.3905492e-03   2.9444787e-02  -6.3267331e-02   6.5742998e-04  -3.3647209e-04   2.4602779e-05
   1.7975215e-02   7.6171633e-02  -4.0478459e-02   2.2093567e-04  -5.0171165e-04  -4.6743913e-05
   1.2724652e-02   3.2684187e-02  -1.9123845e-02   8.3085527e-04  -6.5674939e-04  -1.0465295e-04
   1.9356461e-02   6.3358627e-02   8.2653379e-02   8.3074773e-04  -7.2269533e-04  -2.0534596e-04
   3.7909570e-02   8.2594690e-02   1.2163812e-01   1.0214920e-04  -7.5626234e-04  -1.9290134e-04
   1.0219489e-02   4.2752117e-02   3.7146834e-02   5.4449934e-04  -9.8820486e-04  -1.4184366e-04
   1.7653944e-02   1.0141067e-01   5.1850220e-02   5.7765052e-04  -8.6997943e-04  -9.9702590e-05
   9.1677298e-03   6.2295703e-02   5.0117387e-02   5.1255700e-04  -8.5894658e-04  -3.1044965e-04
   4.6952392e-02   1.0622386e-01   5.8878767e-02   1.7657363e-04  -1.0564660e-03  -3.9452534e-04
   1.4129039e-02   5.5287821e-02   2.5202755e-02   1.0849269e-03  -1.0193298e-03  -2.7736082e-04
   2.0141787e-02   1.2123773e-01   6.1823410e-02   1.1822460e-03  -1.0919550e-03  -1.0236762e-04
   2.6338125e-02   7.5544176e-02   7.7643499e-02   9.1838399e-04  -1.2191393e-03  -1.8466573e-04
   2.7905916e-02   9.6473675e-02   8.2241264e-02   6.3056444e-05  -8.2234149e-04  -3.5348074e-04
   1.0966870e-02   7.4536407e-02   6.2777273e-02   4.5499628e-04  -1.0343706e-03  -2.4475219e-04
   2.2661953e-02   1.2789661e-01   7.4805203e-02   8.3070672e-04  -8.9786572e-04  -1.9813143e-04
   5.5366414e-03   8.4153433e-02   9.5653358e-02   9.3645504e-04  -9.3788360e-04  -2.9258336e-04
   5.0624502e-03   1.0456312e-01   1.4277752e-01   8.3106393e-04  -7.8309579e-04  -4.9676781e-04
   1.4801093e-02   6.7969588e-02   1.4762840e-01   7.9803408e-04  -9.5473172e-04  -3.6882570e-04
   1.6715948e-02   1.1919492e-01   1.3870230e-01   4.5425122e-04  -9.1975474e-04  -4.0250345e-04
   2.2285384e-02   6.4785007e-02   1.1463693e-01   9.1168975e-04  -9.5144655e-04  -4.6217334e-04
   1.0243958e-02   7.6555932e-02   1.4262942e-01   6.9282678e-04  -9.2060323e-04  -4.1747598e-04
   2.9570408e-02   9.2829436e-02   1.2181683e-01   1.0161641e-03  -9.6783220e-04  -3.4658943e-04
   2.1896422e-02   5.0772858e-02   1.2601393e-01   5.9136622e-04  -8.4885101e-04  -4.4926442e-04
   5.3489979e-02   6.1154429e-02   1.0954950e-01   1.0963023e-04  -1.1306522e-03  -5.2391185e-04
   2.3600971e-02   2.4636022e-02   1.0060350e-01   4.2038273e-04  -8.8507952e-04  -4.8978472e-04
   5.2763799e-02   1.2543938e-01   9.7982437e-02   9.7203498e-04  -1.0053204e-03  -3.0316957e-04
   3.2661488e-02   1.0650952e-01   1.2034530e-01   1.2236152e-03  -1.1378851e-03  -2.2661213e-04
   4.0573052e-02   1.1384936e-01   1.2281856e-01   1.1121010e-03  -1.2849720e-03  -4.3181871e-04
   5.1142295e-02   7.4354284e-02   1.4317680e-01   7.0011619e-04  -9.2471460e-04  -3.4514207e-04
   3.0273747e-02   8.0285158e-02   1.0693484e-01   4.2821152e-04  -1.1238588e-03  -1.3507732e-04
   3.2931069e-02   7.2778457e-02   1.0758559e-01   4.5252195e-04  -1.0599828e-03  -3.2929508e-04
   3.5376412e-02   7.2452442e-02   7.8371743e-02   6.9291417e-04  -1.1786039e-03  -2.8661435e-04
   2.2487585e-02   7.3014300e-02   1.8017095e-01  -2.0332475e-05  -8.5307910e-04  -4.3475688e-04
   6.7590160e-03   8.1771891e-02   1.9414324e-01   4.3818279e-04  -1.0920828e-03  -1.2489005e-04
   4.0145406e-02   1.6962231e-01   1.8890924e-01   4.7424319e-04  -8.1192056e-04  -3.2517686e-04
   3.3440926e-03   1.4317188e-01   2.1092445e-01   6.5455535e-04  -9.9173470e-04  -1.6065875e-04
   2.7559638e-02   1.2212928e-01   2.2829744e-01   5.1684934e-04  -1.2119216e-03  -2.2488596e-04
   9.1134700e-03   6.9950447e-02   2.2548651e-01   5.5518695e-04  -7.2411120e-04  -5.0747314e-04
   1.8471052e-02   9.2595283e-02   2.2726586e-01   4.1973848e-04  -1.0115304e-03  -3.4399664e-04
   2.8638953e-02   8.2686440e-02   2.1376876e-01   4.9717659e-04  -1.0505071e-03  -4.7005461e-04
   1.2408926e-02   9.1964972e-02   2.1674960e-01   1.4021546e-04  -1.1742168e-03  -5.6448056e-04
   3.1513613e-02   9.5450126e-02   1.9216216e-01   6.1194763e-04  -1.1790644e-03  -4.9859655e-04
   1.1194082e-02   7.7458869e-02   1.9859091e-01   9.2966652e-04  -9.5964878e-04  -4.2351858e-04
   5.0438891e-02   7.9624758e-02   1.9621137e-01   1.1202821e-03  -8.8266807e-04  -7.1133494e-04
   5.3218711e-02   1.0577760e-01   2.1673832e-01  -2.1305743e-05  -1.2075225e-03  -3.4505511e-04
   3.9094051e-02   7.1072495e-02   1.7592537e-01  -1.0628446e-05  -1.3345590e-03  -5.2974452e-04
   3.1801528e-02   8.3625473e-02   1.6878226e-01   5.9300897e-04  -1.0365932e-03  -2.5926934e-04
   1.8374825e-02   8.5734206e-02   1.8852389e-01   6.9588306e-04  -1.2720179e-03  -4.4000450e-04
   5.0081791e-02   1.1099146e-01   2.2445902e-01  -1.2904554e-04  -1.3771553e-03  -3.9058938e-04
   3.1583073e-02   8.1441521e-02   1.9801441e-01   4.1210500e-04  -1.0807879e-03  -4.7730840e-04
   4.3138449e-02   1.1795033e-01   2.1723235e-01   7.7299905e-04  -1.2973798e-03  -3.2707144e-04
   3.7176457e-02   1.1959013e-01   2.1213420e-01   1.0311998e-03  -1.2594524e-03  -1.2717966e-04
   3.8273704e-02   9.9724193e-02   2.0763681e-01   1.0372835e-03  -1.4562393e-03  -2.0214603e-04
   5.3604558e-02   8.4123362e-02   2.2376402e-01   2.1386959e-05  -1.1805072e-03  -4.4048332e-04
   3.5770766e-02   7.6642759e-02   2.0936876e-01  -1.5332824e-04  -1.1711183e-03  -4.1178404e-04
   2.5041106e-02   1.1322824e-01   2.0884493e-01   1.8381242e-04  -1.0843858e-03  -3.9542477e-04
   9.1375030e-03   9.7385400e-02   2.0008689e-01   7.1757404e-04  -1.0337149e-03  -3.7521688e-04
   1.4957498e-02   1.1402554e-01   2.3553602e-01   1.0435368e-03  -8.7721300e-04  -4.7599187e-04
   4.5742657e-02   1.3756725e-01   2.5629885e-01   1.1228738e-03  -1.1241390e-03  -3.8872534e-04
   3.9138011e-02   9.1830464e-02   2.5771783e-01   4.9495028e-04  -9.9740794e-04  -4.5593007e-04
   1.6299362e-02   9.3566518e-02   2.2930693e-01   8.3993108e-04  -1.0757054e-03  -4.6260041e-04
   2.4928042e-02   4.2884733e-02   2.3891173e-01   8.9252056e-04  -9.0048028e-04  -4.9228515e-04
   3.1036553e-02   1.0880068e-01   2.5018701e-01   1.1994742e-05  -8.8595907e-04  -5.0178632e-04
   1.8747126e-02   2.0010730e-02   1.8806939e-01   8.2941415e-04  -1.3932320e-03  -4.8127635e-04
   3.8673837e-02   9.5077908e-02   2.1952198e-01   6.0857789e-04  -1.0302241e-03  -3.1143417e-04
   4.0740039e-02   6.1358215e-02   1.9108769e-01   9.5526700e-04  -1.5494777e-03  -3.8656093e-04
   3.7701533e-02   9.6667124e-02   1.9578289e-01   5.4734837e-04  -1.4917688e-03  -5.6536438e-04
   3.5284979e-02   8.1976007e-02   1.6721476e-01   8.3018503e-04  -1.3403970e-03  -3.6285393e-04
   5.3079224e-02   1.3498701e-01   2.0950759e-01   4.4939787e-04  -1.3773052e-03  -3.4419528e-04
   5.1449681e-02   1.6627566e-01   2.1720273e-01   3.2730172e-04  -1.3275483e-03  -3.4893750e-04
   4.0854256e-02   1.4230584e-01   2.0107525e-01   6.1155523e-04  -1.1496199e-03  -4.6382710e-04
   2.0241599e-02   1.7207998e-01   2.2011505e-01   9.9713066e-04  -1.1921085e-03  -3.3821442e-04
   3.1428689e-02   1.1079402e-01   2.6228515e-01   1.1655924e-03  -1.3216862e-03  -3.0155262e-04
   2.2835657e-02   9.4301019e-02   2.5196547e-01   6.7141502e-04  -1.3456250e-03  -5.9411084e-04
   4.5150257e-02   1.0062308e-01   2.4993598e-01   8.9823280e-04  -1.3179479e-03  -6.2085086e-04
   3.8779512e-02   7.2500195e-02   2.4592343e-01   1.0679733e-03  -9.0618647e-04  -4.9955134e-04
   4.1366387e-02   6.3110013e-02   2.5837031e-01   9.0924144e-04  -1.2435322e-03  -4.8966327e-04
   4.1335381e-02   6.0871124e-02   2.1238392e-01   9.7023602e-04  -1.3080169e-03  -6.1141094e-04
   4.1896167e-02   2.7647343e-02   2.4033664e-01   7.6773936e-04  -1.1515102e-03  -4.9513862e-04
   3.5844829e-02   5.7868240e-02   2.2629023e-01   1.7669247e-04  -1.1862462e-03  -5.3756173e-04
   2.2221869e-02   7.4836666e-02   2.2339667e-01   5.0365823e-04  -1.4845684e-03  -6.3530181e-04
   3.9313010e-02   1.0697264e-01   2.0323617e-01   1.1031818e-03  -1.4973731e-03  -4.3032581e-04
   6.6710126e-03   6.6343093e-02   2.6312569e-01   1.7145501e-03  -1.0602354e-03  -4.9970594e-04
   3.7409529e-02   7.7889798e-02   2.5998749e-01   1.0323751e-03  -1.4395849e-03  -3.7435536e-04
   3.7973112e-02   3.8128875e-02   2.5434107e-01   5.4087832e-04  -1.2270209e-03  -5.8194895e-04
   4.3742383e-02   6.3750496e-02   2.3755947e-01   4.7720826e-04  -1.1885005e-03  -6.1715136e-04
   2.6169499e-02   5.1813444e-02   2.1914373e-01   2.8843382e-04  -1.4232603e-03  -4.0115159e-04
   3.1881286e-02   8.4549673e-02   1.9371658e-01   8.7252029e-04  -1.5054034e-03  -4.5505441e-04
   1.7993044e-02   8.0306809e-02   2.5516009e-01   1.2321531e-03  -1.0857700e-03  -3.7171853e-04
   2.6962434e-02   8.8675882e-02   2.3265870e-01   1.1228173e-03  -1.5647943e-03  -6.2380227e-04
   6.0739797e-02   6.5026644e-02   2.1304598e-01   1.0944996e-03  -1.9702538e-03  -7.0740481e-04
   4.1067638e-02   6.0690302e-02   2.1111428e-01   1.0039550e-03  -1.2016072e-03  -5.3097303e-04
   6.1157200e-02   7.6665595e-02   2.1862923e-01   4.5446189e-04  -1.7745692e-03  -6.4165633e-04
   5.2946591e-02   1.1376311e-01   2.0595565e-01   5.6464260e-04  -1.3687260e-03  -5.6402993e-04
   4.0290518e-02   9.0468114e-02   1.8045029e-01   6.7863488e-04  -1.5475608e-03  -6.0792912e-04
   3.1652896e-02   1.3859798e-01   1.9807668e-01   1.1982885e-03  -1.2537256e-03  -4.3836292e-04
   3.2516958e-02   9.2871632e-02   2.5560063e-01   1.0498791e-03  -1.3403001e-03  -5.3526520e-04
   3.0621656e-02   6.8394794e-02   2.1438179e-01   1.2408607e-03  -1.2927763e-03  -7.6998321e-04
   5.6652514e-02   8.6623491e-02   2.5557169e-01   9.5257679e-04  -1.4122536e-03  -7.7496292e-04
   3.1268692e-02   6.7505433e-02   2.3025090e-01   4.0267802e-04  -1.2707337e-03  -5.8298256e-04
   5.4673191e-02   8.3045833e-02   2.3470413e-01   7.9870517e-04  -1.6939093e-03  -5.8796662e-04
   3.5443365e-02   1.0217242e-01   2.0396859e-01   8.2475219e-04  -1.0424622e-03  -4.1584803e-04
   3.7069146e-02   9.3717983e-02   2.1747185e-01   1.5787082e-03  -1.4957924e-03  -4.2325672e-04
   3.9013370e-02   6.8531991e-02   2.4387171e-01   1.5856071e-03  -1.1555640e-03  -4.8173265e-04
   4.1236533e-02   9.6890825e-02   2.1354543e-01   6.4859415e-04  -1.6660983e-03  -6.8034301e-04
   5.3698331e-02  -9.4716924e-02   5.1941138e-02   2.7988251e-03   1.1227175e-04  -1.2175658e-03
   3.9489042e-02   1.4746099e-01   4.2053469e-01  -8.6068309e-04  -6.1433240e-04  -1.7017738e-03
  -3.3814512e-02   8.4548739e-02  -1.9364262e-01   3.1279860e-03  -1.6627796e-03   1.1177404e-03
   1.0307777e-01  -8.9993390e-02  -2.8569788e-01   4.2944716e-03   2.1180274e-03   2.5134435e-04
   1.7722921e-02  -6.2473455e-02   7.2856323e-02  -8.9173739e-04   4.2106430e-04  -7.0874371e-04
   1.7917568e-02   2.9801063e-03   4.8661582e-02  -1.3674812e-03  -9.7274956e-04  -3.3185028e-04
  -3.2679607e-02   6.1623567e-02  -1.1196606e-01  -2.0065623e-03  -1.2611975e-03   3.2006235e-04
  -9.5653913e-02  -1.4111635e-02   1.9372799e-02   2.8287953e-03  -3.3870439e-04  -5.4390537e-04
   1.5424150e-02   9.0594419e-02   1.2429350e-01  -9.0634896e-04   3.7229569e-04  -4.1746785e-04
  -1.4687312e-03  -2.7607034e-02   2.2439335e-02   2.7202345e-03   3.0359719e-04  -3.7805372e-04
  -5.4233584e-03  -1.0763075e-02   1.0367539e-01   2.1803939e-03   2.5276579e-04  -5.0315035e-04
  -5.5882149e-03  -1.0606110e-02   4.2171183e-02   2.3839493e-03   7.6096487e-04  -2.8143019e-04
  -9.8629682e-03  -1.2881908e-02   8.2823163e-02   2.0478249e-03   1.3399744e-03  -1.5980883e-04
  -4.8325098e-02  -3.2812635e-02   5.1193717e-02   2.8304942e-03   1.7989619e-03  -1.6280526e-04
  -1.6406283e-02   1.9157217e-02   1.2766599e-01   2.3774654e-03   1.6686863e-03  -2.3655276e-04
   1.8988529e-02   1.7646331e-02  -7.2828283e-03   1.5939096e-03  -1.3744416e-03  -1.7455821e-04
   4.2775344e-02   5.1949635e-02   2.0372090e-02   1.3633561e-03  -1.3360149e-03  -2.1295198e-04
   3.4216667e-02  -2.3909234e-02  -4.5952617e-02   2.1781494e-03  -1.7579199e-03  -2.4932565e-04
   4.5784511e-02   5.0058461e-02   1.4216981e-02   1.5695359e-03  -1.4868295e-03  -1.6479950e-04
   3.6840125e-02  -5.9355071e-03  -2.0583875e-02   1.7603791e-03  -1.6245720e-03  -1.4493679e-04
   5.6144183e-02   5.2625587e-02  -9.5253806e-03   1.4388679e-03  -1.9973778e-03  -2.6617437e-04
   4.8477443e-02  -3.2458699e-03  -1.3151456e-02   2.2162385e-03  -2.0679505e-03  -4.2640459e-04
   5.5289804e-02   4.7310863e-02   6.0901301e-02   1.7589287e-03  -1.9603694e-03  -5.0998721e-04
   5.5994713e-02   8.9587584e-03   5.9770332e-02   1.5575559e-03  -2.0153589e-03  -5.5342708e-04
   7.2490021e-02  -3.0400446e-03   5.5541280e-02   2.1279730e-03  -2.5475354e-03  -5.9241040e-04
   6.7575683e-02   4.0974782e-02   7.3128722e-02   2.2398698e-03  -2.1809715e-03  -3.5407251e-04
   6.2395478e-02   3.4852935e-02   1.2583853e-01   1.5936657e-03  -2.0770167e-03  -5.4572520e-04
   5.3240431e-02   4.4543246e-02   4.6766122e-02   1.8420510e-03  -1.6612847e-03  -2.3219070e-04
   3.8808086e-02  -2.6756509e-02   3.1743499e-02   2.7429289e-03  -1.2142653e-03  -1.5160949e-04
   3.7408005e-02   7.2194281e-02   7.0209404e-02   1.6685032e-03  -1.1652782e-03  -2.3174161e-04
   3.0332144e-02   1.7664630e-02   4.0193529e-02   2.2826446e-03  -1.6777380e-03  -2.0355599e-04
   3.5289028e-02   4.5213502e-02   2.2152525e-02   2.7358495e-03  -1.7259286e-03  -2.0055498e-04
   2.7860765e-02   3.1529664e-02   6.0003644e-02   2.7418626e-03  -1.1741853e-03  -1.8325698e-04
   6.4540681e-02   6.8475196e-02   1.2113658e-01   1.5795870e-03  -1.6527539e-03  -3.1113909e-04
   4.2809032e-02   5.0091637e-02   1.9667038e-01   1.4409458e-03  -1.6886276e-03  -5.1401099e-04
   5.7351545e-02   4.9005934e-02   2.0034863e-01   1.9504701e-03  -1.6530818e-03  -5.2890601e-04
   2.7990616e-02   6.9989116e-02   2.6305418e-01   2.4867095e-03  -1.3513197e-03  -4.0314964e-04
   4.5292720e-02   5.4827923e-02   2.6263246e-01   2.1604419e-03  -1.6338612e-03  -4.8210642e-04
   2.7754631e-02  -2.7041179e-02   2.7274218e-01   2.3304012e-03  -1.7126955e-03  -5.9041337e-04
   5.1365741e-02   4.5493201e-02   2.7543053e-01   1.6715197e-03  -1.7031884e-03  -6.7011714e-04
   4.3723392e-02  -5.3299879e-03   2.5260070e-01   2.3124218e-03  -1.7943341e-03  -5.6683809e-04
   6.0263980e-02   2.8799984e-02   2.5155870e-01   2.1120511e-03  -2.0148078e-03  -5.1115308e-04
   6.1355983e-02   1.0210629e-02   2.6400606e-01   1.7809531e-03  -1.7030654e-03  -5.7539923e-04
   6.6590702e-02   3.8751161e-02   2.1816890e-01   1.9856094e-03  -1.8751571e-03  -3.3735122e-04
   4.9552629e-02   4.5100712e-02   2.2529478e-01   2.6340278e-03  -1.4190985e-03   8.8357913e-05
   4.5058908e-02   6.8149838e-02   2.5171647e-01   2.2475657e-03  -1.4776721e-03  -1.4967671e-04
   7.2130945e-02   7.0663416e-02   2.4481972e-01   1.3728337e-03  -1.5015097e-03  -5.3574020e-04
   2.2041866e-02   3.9565370e-02   2.6147666e-01   1.9325210e-03  -1.4230663e-03  -3.0097855e-04
   4.1353824e-02   7.8124198e-02   2.7877601e-01   1.6422511e-03  -1.5772576e-03  -4.4605136e-04
   3.1779345e-02   4.0990934e-02   2.5955472e-01   1.9823923e-03  -1.5655365e-03  -5.1403501e-04
