   0.0000000e+00   0.0000000e+00   0.0000000e+00   0.0000000e+00   0.0000000e+00   0.0000000e+00
   1.5179688e-02  -1.1018619e-01  -3.3450679e-02   1.0328660e-03  -4.3660363e-04   8.4975267e-05
   4.3321401e-02  -2.0856722e-02  -4.9072848e-02   6.8437371e-04  -3.7121561e-04   3.3284271e-04
   3.8191839e-02  -7.0158480e-03   3.0945419e-02   3.8628240e-04  -3.6247671e-04   1.6264753e-04
   1.8802428e-02  -1.2935374e-01  -7.3571981e-02   1.3918137e-03  -4.9966884e-04   3.6928829e-04
   2.3403050e-02   1.2892354e-02  -4.4305098e-02   7.9948856e-04  -4.4058258e-04   5.7058271e-04
   5.6565448e-02  -5.2143500e-02   1.2375141e-02   8.7389372e-04  -4.9468581e-04   2.4210839e-04
   1.9569125e-02  -1.0050619e-01  -6.5916283e-02   1.5768781e-03  -9.1540161e-04   3.7659386e-04
   5.5071430e-02   6.4035537e-03  -5.6967990e-03   4.6093000e-04  -8.4199784e-04   2.6400661e-04
   3.9493185e-02  -1.0195341e-01  -3.6259143e-02   9.1087470e-04  -9.7136124e-04   9.5257893e-05
   2.1762521e-02  -5.0465068e-02  -6.3738534e-02   1.3453355e-03  -9.3773937e-04   4.8240348e-04
   4.2791505e-02   3.0515037e-03   6.3079926e-02   1.0742155e-03  -1.2790872e-03   1.2811011e-04
   3.7984229e-02  -1.2401106e-01  -5.6710923e-03   2.4465331e-03  -1.2090271e-03   6.9605493e-05
   3.0219557e-02  -4.2493149e-02  -6.2223202e-02   1.8628079e-03  -1.3331261e-03   4.5955287e-04
   7.1469501e-02  -2.5357781e-02   2.6761937e-02   1.5085344e-03  -1.1169718e-03   3.0771295e-04
   4.2805586e-02  -1.5898592e-01  -4.1469761e-02   2.2244513e-03  -1.3785583e-03   1.8645721e-04
   6.2260594e-02  -3.4666303e-02  -2.8783672e-02   1.3784454e-03  -1.4044819e-03   1.0677577e-04
   6.5981042e-02  -6.0842176e-02   5.4300981e-02   1.1271265e-03  -1.5757921e-03  -1.7394412e-04
   6.7412655e-02  -1.4949762e-01  -1.2135255e-02   2.2247609e-03  -1.4176480e-03  -2.0689390e-04
   1.1745933e-02   2.1658299e-02  -5.4797265e-02   4.1955775e-04   1.2099194e-03  -6.5683347e-04
   1.0930054e-02  -1.0906965e-02  -1.4414583e-02   2.1757767e-04   1.4350763e-03  -9.7547493e-04
   7.8373788e-03  -8.2062779e-02  -6.5878760e-02   1.0827461e-03   1.1545901e-03  -9.7820496e-04
   2.4822717e-02   1.4770209e-02  -2.2613687e-02  -3.4893373e-04   2.0405638e-03  -5.2212932e-04
   4.4491274e-03  -1.2056596e-01  -5.6569865e-02   5.2632715e-04   1.5993720e-03  -9.2230812e-04
  -4.8577085e-03  -6.5645719e-02  -6.6875078e-02   9.2770592e-04  -6.6188224e-04  -1.4342982e-03
   6.1661479e-02  -1.8888085e-02   1.7729601e-02   1.5056469e-04   1.5568184e-05  -1.4750782e-03
   2.3243723e-02  -1.0704216e-01  -4.6500203e-02   8.3451602e-04  -1.7361282e-04  -1.5484988e-03
   5.0972557e-02  -3.7103371e-02  -1.0605963e-01   1.3426170e-03   1.8275169e-04  -1.0995294e-03
   5.7041652e-02   2.3372574e-03  -7.1592511e-02   9.5421068e-04   3.2450666e-04  -1.0668961e-03
   4.8712867e-02  -1.4419229e-02  -2.7545625e-02   6.0590788e-04   4.3868726e-04  -1.0968588e-03
   2.3540752e-02  -1.0865772e-01  -1.0183778e-01   1.1346142e-03   1.5074946e-04  -1.3319237e-03
   6.8436247e-02  -8.2991253e-03  -4.4811097e-02   2.6750349e-04   1.3211511e-04  -1.2848352e-03
   4.4868995e-02  -8.1447413e-02  -1.8890153e-02   5.9707546e-04   1.8291178e-04  -1.7119409e-03
   5.3778222e-02  -1.1424760e-01  -6.2231998e-02   1.4754473e-03  -1.6346350e-04  -1.4337947e-03
   7.6685105e-02  -6.1421940e-03  -1.5901801e-02   6.1088530e-04   3.3913870e-04  -1.2604142e-03
   4.6169676e-02  -8.8348990e-02  -3.6440298e-02   7.9806647e-04   1.1328596e-04  -1.3689075e-03
   6.8205613e-02  -7.6474096e-02  -6.7959084e-02   1.1892708e-03  -1.8977286e-04  -1.3866954e-03
   3.2152537e-02  -1.1734131e-02  -3.4188775e-02   4.2050493e-04   2.2125170e-04  -1.0955324e-03
   5.0712200e-02  -7.1847349e-02  -3.3444896e-02   4.9048443e-05  -7.6893847e-05  -1.3037490e-03
   6.3853843e-02  -1.3697703e-01  -7.9737884e-02   9.5212861e-04   4.6888681e-05  -1.2529365e-03
   6.3775485e-02  -2.0505787e-02  -2.4615704e-02   6.6983984e-05   2.1567398e-04  -1.1066511e-03
   5.7543296e-02  -8.5853980e-02  -2.2475957e-02   3.9634528e-05  -3.7412999e-05  -1.3431191e-03
   4.1469338e-02  -9.6125929e-02  -9.6146460e-02   8.2535791e-04  -3.1006622e-04  -1.3501577e-03
   7.2562838e-02   2.3762348e-02  -1.8560192e-02  -6.4465472e-05   7.6310402e-05  -1.1483252e-03
   5.0724087e-02  -9.9128453e-02  -6.9394564e-02   1.0287085e-03  -1.0371807e-04  -1.3544943e-03
   5.2440846e-02  -1.6242163e-02  -9.8438450e-02   5.4625094e-04  -1.9323350e-04  -1.1267100e-03
   6.7291896e-02  -1.6546934e-02  -2.4737331e-02   2.2668884e-04  -1.7286930e-04  -1.3255303e-03
   7.7139707e-02  -1.1789626e-01  -7.2313410e-02   9.1660486e-04  -1.0941832e-04  -1.4231919e-03
   8.6395499e-02   4.5475550e-03  -2.7284414e-02  -3.7959601e-04   1.5736159e-04  -1.4307168e-03
   5.8926635e-02  -1.3597872e-01  -4.4507531e-02   9.0488121e-04  -1.2260302e-04  -1.4124660e-03
   6.5261859e-02  -1.6056582e-02  -3.8732346e-02   3.6150776e-04  -1.4657015e-04  -1.3024873e-03
   7.7592871e-02  -5.6012793e-02  -2.6289843e-02  -1.7091301e-04   1.4496674e-04  -1.1568438e-03
   6.4910163e-02  -9.0210884e-02  -4.7506609e-02   5.4978743e-04   2.2668409e-04  -1.3774782e-03
   5.0531519e-02  -5.8397926e-02  -9.4137430e-02   5.2404855e-04   1.5847183e-04  -1.0167054e-03
   4.2945079e-02   1.6149585e-02  -4.0265445e-02   2.3374499e-05   1.9099669e-04  -9.9665475e-04
   4.4124555e-02  -1.2125183e-01  -8.6167558e-02   7.5162649e-04   2.3209450e-04  -1.2966654e-03
   6.4558123e-02  -1.3189228e-02  -3.6812281e-02   2.7419164e-04   5.9898661e-05  -1.2755603e-03
   4.2538186e-02  -5.0328744e-02  -5.5323111e-03   1.5937153e-04   2.6824075e-04  -1.4679928e-03
   5.6746401e-02  -9.9546045e-02  -1.0632897e-01   1.0231620e-03   1.1446451e-06  -1.3471309e-03
   6.4353498e-02   3.4940714e-03  -2.7082925e-02   2.0054811e-04   2.7584967e-04  -1.1642095e-03
   4.6173799e-02  -4.1131505e-02   2.0338727e-03   4.6697759e-04   1.2978048e-04  -1.2247654e-03
   3.9711782e-02  -8.1418018e-02  -1.3079843e-01   9.6829925e-04   6.4923454e-05  -1.0197030e-03
   4.9225401e-02   4.2254157e-02  -4.9416881e-02   5.8687319e-05   2.8958351e-04  -9.3285829e-04
   5.1481079e-02  -6.7022666e-02  -3.7083147e-02   6.7114266e-04   1.4048006e-04  -1.0361931e-03
   4.1850479e-02  -6.5058651e-02  -1.1107171e-01   1.1034685e-03  -4.2963208e-04  -1.1386853e-03
   5.9308711e-02  -1.0262053e-02  -5.0412923e-02   1.8120557e-04  -2.7825739e-05  -1.2178634e-03
   5.8076277e-02  -3.3125647e-02   1.4949819e-02   1.0705249e-04   1.0185416e-05  -1.2139020e-03
   5.7899200e-02  -8.5393048e-02  -7.8081930e-02   1.0661435e-03  -3.7358937e-04  -1.3254626e-03
   6.6799181e-02   5.3610677e-02  -2.8222851e-02   3.7376365e-04  -6.8291318e-05  -8.8652592e-04
   4.0182005e-02  -5.0607956e-02  -3.3644059e-02   6.0894498e-04   1.6580018e-05  -1.2090372e-03
   6.6473493e-02  -9.0789340e-02  -7.2517385e-02   7.2488389e-04  -3.0443770e-04  -1.3937080e-03
   6.0642574e-02  -1.7899552e-02   2.1539923e-02  -1.8950021e-04  -9.2136871e-05  -1.2061876e-03
   5.3768094e-02  -1.0344009e-01  -3.7051366e-02   4.5502739e-04  -3.4281275e-04  -1.3230524e-03
   5.3158613e-02  -6.9839347e-02  -8.2410237e-02   8.5199293e-04  -5.5441309e-04  -1.2100344e-03
   6.4998173e-02  -4.4951170e-04  -7.9383366e-03   1.2640988e-04  -4.8475315e-04  -1.2098479e-03
   7.6831056e-02  -9.6393320e-02  -2.9539077e-02   1.2068046e-03  -6.9169097e-04  -1.3566294e-03
   5.9200468e-02  -2.1563260e-02  -3.8723075e-02   1.2416523e-03  -5.0988974e-04  -1.0555576e-03
   3.6585469e-02   1.5493156e-02  -1.3400873e-03   4.4157052e-04  -4.8684815e-04  -1.2229212e-03
   7.0131723e-02  -1.0535781e-01  -4.7985922e-02   9.8711626e-04  -9.3040661e-04  -1.2846542e-03
   7.9230421e-02  -4.4530010e-02  -7.3630472e-02   1.0398975e-03  -5.7466439e-04  -1.1085682e-03
   7.8297143e-02  -3.2134169e-02   5.3520854e-03  -8.3066158e-05  -5.7440607e-04  -1.2659506e-03
   7.4824076e-02  -1.3027067e-01  -5.9212648e-02   9.7839122e-04  -6.5037456e-04  -1.3859074e-03
   7.6953351e-02  -6.0989437e-03  -3.6329345e-02   4.3940706e-04  -6.7533148e-04  -1.1091332e-03
   8.3103028e-02  -5.4061913e-02  -9.3670848e-03   4.2381252e-04  -3.6725515e-04  -1.2264783e-03
   7.3521747e-02  -8.1323058e-02  -3.6727277e-02   1.6053959e-03  -7.7508980e-04  -1.3881106e-03
   8.0074830e-02   3.4714640e-03  -2.4465215e-04   3.6543217e-04  -5.4847828e-04  -1.2585320e-03
   6.5017160e-02  -1.0394475e-01  -3.2904890e-02   5.1434799e-04  -5.1601190e-04  -1.2299814e-03
   7.1232702e-02  -1.0277907e-01  -7.9036292e-02   1.3107422e-03  -6.2035463e-04  -1.1459108e-03
   6.3392966e-02  -2.7429100e-02  -1.5943649e-02   7.0205503e-05  -6.3605950e-04  -1.2308095e-03
   5.2881810e-02  -1.2008805e-01  -9.0754314e-02   7.6169132e-04  -4.3511290e-04  -1.3823125e-03
   5.6844121e-02  -2.8330405e-02  -5.3107621e-02   5.8916989e-04  -7.1708837e-04  -1.0950448e-03
   8.3457378e-02  -1.1490328e-02  -6.4510305e-03   4.6335886e-04  -4.0910968e-04  -1.2017856e-03
   5.4038311e-02  -1.1855169e-01  -7.3746405e-02   1.3525131e-03  -2.9154742e-04  -1.1174358e-03
   8.2590688e-02  -1.3555517e-02  -1.2059084e-01   1.1456613e-03  -2.1201831e-04  -1.2389155e-03
   5.5453755e-02  -4.8741792e-02  -1.3837961e-01   5.4897850e-04  -3.6608006e-04  -1.1370073e-03
   9.1235511e-02  -7.7163886e-04   6.6325752e-03   6.3581165e-04  -4.3936518e-04  -1.4556942e-03
   7.7442379e-02  -1.6178744e-01  -5.6475046e-03   1.4187487e-03  -1.7440854e-04  -1.7445192e-03
   7.7182571e-02  -6.2677944e-02  -3.0804339e-02   7.7432049e-04  -7.8337586e-04  -1.7855073e-03
   9.0859443e-02  -3.2398200e-02  -8.3742312e-02   1.1569980e-03  -7.3650499e-04  -1.7812845e-03
   8.2520397e-02  -8.5895741e-03  -4.5943068e-02   8.8118705e-04  -1.1942023e-03  -1.7199470e-03
   8.1475163e-02  -3.6953582e-02  -4.7883391e-03   1.1119411e-03  -9.2399834e-04  -1.9650831e-03
   6.4355507e-02  -8.4266928e-02  -5.8001818e-02   1.4040608e-03  -8.7902776e-04  -1.7685331e-03
   9.4542481e-02  -3.5313409e-04   2.8449862e-03   2.7328365e-04  -1.0321340e-03  -1.6038746e-03
   7.6130567e-02  -1.5634055e-01  -5.2636065e-02   1.3254213e-03  -7.2371535e-04  -1.6687422e-03
   7.7730436e-02  -3.6020626e-02  -4.1986402e-02   8.8900127e-04  -1.0576735e-03  -1.5802738e-03
   8.3450126e-02  -5.6563817e-02  -9.7460098e-03   2.5509660e-05  -8.1146595e-04  -1.8026617e-03
   6.9864407e-02  -1.4149011e-01  -1.3552947e-01   1.1930222e-03  -7.3867880e-04  -1.5925502e-03
   8.4878080e-02  -1.0553726e-03  -6.2125481e-02   3.7724062e-04  -8.7216664e-04  -1.4287548e-03
   6.2921965e-02  -2.9352656e-02  -3.6083237e-02   4.3951789e-04  -6.6921084e-04  -1.6239287e-03
   1.0643171e-01  -9.3301416e-02  -1.4796733e-01   1.0541750e-03  -6.9417431e-04  -1.3735728e-03
   7.8061715e-02   1.8897469e-02  -3.5266658e-02  -2.2947916e-05  -4.1536924e-04  -1.3552457e-03
   8.5649603e-02  -1.1954910e-01  -3.2579657e-02   5.8483501e-04  -1.2365576e-03  -1.6151033e-03
   9.2086990e-02  -6.4652994e-02  -9.9160057e-02   6.0736456e-04  -8.7806113e-04  -1.5459668e-03
   6.9884973e-02  -1.8433977e-02   1.0758950e-02  -2.5292761e-04  -7.8641937e-04  -1.5359668e-03
   7.1855791e-02  -1.1743348e-01  -5.3234214e-02   9.8167490e-04  -9.4724625e-04  -1.6535808e-03
   7.0406269e-02  -2.4371516e-02  -1.1189449e-01   1.0201180e-03  -1.1155474e-03  -1.4104753e-03
   7.8578958e-02   8.8027064e-03   3.2732117e-03   4.0640339e-04  -1.0183239e-03  -1.2902554e-03
   7.1689561e-02  -9.3257030e-02  -5.0169510e-02   1.2073411e-03  -1.1600389e-03  -1.3704770e-03
   8.2327140e-02  -1.4642046e-02  -6.1255209e-02   8.8532958e-04  -1.0741364e-03  -1.1862299e-03
   8.4595829e-02  -4.3143464e-02   6.9295760e-03  -8.6857088e-05  -1.2003997e-03  -1.5978007e-03
   6.1715855e-02  -1.2414824e-01  -1.2006002e-01   7.6537596e-04  -8.6788265e-04  -1.3356145e-03
   8.3313864e-02  -2.3422934e-02  -1.8859654e-01   4.8744636e-04  -5.0467920e-04  -8.3879883e-04
   7.3705630e-02  -1.3838093e-02  -2.6250927e-04  -3.8076627e-04  -6.6453933e-04  -1.4923835e-03
   8.4100910e-02  -9.9894916e-02  -3.0830318e-02   5.3849395e-04  -7.2121290e-04  -1.4601553e-03
   7.8405669e-02  -1.5962493e-02  -1.3278791e-01   9.0191662e-04  -8.6967567e-04  -1.3743068e-03
   7.9136244e-02   1.0816431e-02  -1.8781329e-01   5.7136343e-04  -8.6907421e-04  -1.0511786e-03
   1.0114425e-01  -1.4897198e-03  -5.5842527e-02   3.2674510e-04  -1.0277333e-03  -1.3271154e-03
   8.5329367e-02  -1.5864276e-01  -1.2113496e-01   1.3279153e-03  -1.0299961e-03  -1.5588220e-03
   9.1268578e-02  -1.8319466e-02  -5.6194665e-02  -2.5821120e-05  -1.1788368e-03  -1.6130021e-03
   9.1678453e-02  -9.6780633e-02  -6.9870469e-02   4.8077984e-04  -9.6694327e-04  -1.7643993e-03
   8.1662917e-02  -7.5555792e-02  -1.3225701e-01   9.4647533e-04  -1.0330395e-03  -1.4269666e-03
   1.0045842e-01  -5.2443335e-03  -2.5320115e-02   2.4512489e-04  -1.1602511e-03  -1.6410161e-03
   9.4417988e-02  -1.2451904e-01  -1.1995656e-01   1.5610423e-03  -1.1431190e-03  -1.5725120e-03
   7.5149827e-02  -7.5310307e-03  -1.1278945e-01   8.3076616e-04  -8.4566074e-04  -1.2403715e-03
   8.7386796e-02  -2.1864336e-02  -2.5826075e-02   1.3820274e-04  -7.9803394e-04  -1.6265064e-03
   6.8332085e-02  -1.3157637e-01  -1.5870297e-01   1.2016820e-03  -8.1311074e-04  -1.6120202e-03
   7.4909834e-02  -3.3918262e-02  -9.0657199e-02   4.4465351e-04  -7.8516295e-04  -1.3021822e-03
   8.0229082e-02  -6.1752587e-02  -2.5748017e-02  -4.3726995e-05  -7.6820670e-04  -1.7000593e-03
   8.0859115e-02  -1.2934682e-01  -1.4046769e-01   1.3345376e-03  -1.0873893e-03  -1.5887292e-03
   8.5522529e-02   1.3845907e-02  -5.9336289e-02   4.4968900e-04  -8.6364828e-04  -1.3232835e-03
   7.3910093e-02  -8.0114685e-02  -2.9699193e-02   1.1830284e-03  -9.0348566e-04  -1.4590556e-03
   9.4464321e-02  -7.6847892e-02  -1.0033279e-01   1.2472852e-03  -1.1435068e-03  -1.4349803e-03
   9.8109836e-02  -3.6845806e-02  -2.9373764e-02  -2.1104165e-04  -6.3976738e-04  -1.4345201e-03
   7.6470405e-02  -1.6306843e-01  -1.1053057e-01   1.1551966e-03  -8.1230122e-04  -1.5215570e-03
   1.0177587e-01  -2.9888789e-02  -7.0699965e-02   4.9884377e-04  -5.1183619e-04  -1.2291448e-03
   8.0500126e-02  -9.1383268e-02  -4.0069039e-02   6.7585970e-04  -1.0143901e-03  -1.5598942e-03
   9.0170209e-02  -7.8315787e-02  -8.7674614e-02   1.2551569e-03  -1.2836127e-03  -1.4869667e-03
   9.4179051e-02   5.6630880e-03  -2.0268437e-02   1.0668056e-05  -7.8376783e-04  -1.4197504e-03
   6.1289594e-02  -9.8939614e-02  -1.0150990e-01   1.3171078e-03  -1.0035238e-03  -1.5587337e-03
   7.1161985e-02   2.3722684e-03  -8.6562758e-02   4.5602429e-04  -8.9989378e-04  -1.3510429e-03
   9.2767338e-02  -6.1775708e-02  -3.2411212e-02   2.7494651e-04  -6.3585673e-04  -1.3812624e-03
   8.5262710e-02  -1.2025170e-01  -8.0729551e-02   1.0640945e-03  -8.6666064e-04  -1.4711920e-03
   8.2250437e-02  -4.8103051e-02  -1.6714330e-02   2.7014660e-04  -6.7001168e-04  -1.4476218e-03
   7.6257125e-02  -7.8295195e-02  -1.4468745e-02  -2.4055124e-04  -7.5831759e-04  -1.6393771e-03
   8.0158515e-02  -1.2683598e-01  -7.3326175e-02   1.0557696e-03  -1.1587516e-03  -1.7617384e-03
   8.1102975e-02  -1.4983487e-02  -1.1244029e-01   1.1483676e-03  -1.0453999e-03  -1.8350337e-03
   8.5098737e-02  -3.4014897e-02  -1.5193405e-01   1.0701873e-03  -7.6196981e-04  -1.6153599e-03
   8.5829934e-02  -3.6972384e-02  -5.6325672e-02   3.6768038e-05  -7.5405147e-04  -1.4638073e-03
   8.3723253e-02  -1.1725441e-01  -9.2644744e-02   8.2472364e-04  -7.2042483e-04  -1.6284483e-03
   7.8247321e-02  -7.0215680e-02  -1.2552995e-01   7.3058494e-04  -9.4082963e-04  -1.4928994e-03
   9.9801127e-02  -3.4915993e-02  -4.1131393e-02  -3.4820350e-04  -7.5243426e-04  -1.5422304e-03
   6.5387126e-02  -1.5073383e-01  -1.2341641e-01   1.1319621e-03  -9.5259774e-04  -1.7990302e-03
   1.0787499e-01   8.4540653e-03  -8.7703190e-02  -5.8677838e-05  -1.0119516e-03  -1.5175947e-03
   6.6934922e-02  -6.2029021e-02  -8.0151294e-02   5.9233100e-04  -1.0641101e-03  -1.4673307e-03
   7.3766449e-02  -5.0624773e-02  -9.9568102e-02   1.3048150e-03  -1.5120578e-03  -1.5540975e-03
   8.4164018e-02   2.9146210e-02  -4.1007470e-02  -2.1122596e-05  -9.3101305e-04  -1.5231491e-03
   6.8926570e-02  -1.0050820e-01  -8.5420016e-02   9.9578020e-04  -1.4778104e-03  -1.6898365e-03
   7.0337135e-02  -3.9611092e-02  -1.0235752e-01   8.8047305e-04  -1.2620646e-03  -1.4322894e-03
   8.2286356e-02  -4.7174192e-02  -6.0890024e-02   2.3075212e-04  -1.0053816e-03  -1.7705600e-03
   7.3398131e-02  -1.0206663e-01  -1.5333548e-01   5.4411691e-04  -9.9313898e-04  -1.6268101e-03
   8.3492891e-02   2.6955056e-02   6.5366142e-02  -2.2523152e-04  -1.1786777e-03  -1.3617690e-03
   5.9248480e-02  -4.6615842e-02  -7.6744599e-02   5.9118161e-04  -1.0350814e-03  -1.5517574e-03
   7.3248490e-02  -7.2889547e-02  -3.4370509e-01   1.1257341e-03   5.6011394e-04  -6.6374331e-04
   6.1179354e-02   3.7549603e-02  -1.7288163e-01   4.3468573e-04  -4.6240306e-04  -1.2911013e-03
   7.9542952e-02  -8.8201010e-02  -2.1101223e-01   6.5484023e-04  -7.4252349e-04  -1.8600851e-03
   8.6703927e-02  -2.5223385e-02  -1.1065025e-01   4.2481491e-04  -1.1409176e-03  -1.8252003e-03
   8.3135126e-02  -1.0356132e-01  -1.3206543e-01   1.2239007e-03  -1.3692573e-03  -2.0079152e-03
   1.2509210e-01  -7.7385072e-02  -1.3983346e-01   9.2549283e-04  -1.3792151e-03  -2.1996064e-03
   1.0188358e-01  -1.2888460e-02  -9.0540463e-02   2.3957613e-04  -1.0072809e-03  -1.8608163e-03
   8.3727995e-03  -1.0984849e-01  -8.1153188e-02   2.8581231e-03   1.9818928e-03   2.0780190e-04
  -1.7397069e-02  -3.3816969e-02  -3.7007061e-02   2.2410285e-03   1.6331058e-03   3.3494370e-04
  -1.2956356e-02  -6.6466505e-02  -4.6018115e-03   1.9397620e-03   1.5895706e-03   4.3577775e-04
  -4.8042171e-03  -1.4099176e-01  -7.2402171e-02   2.6090507e-03   1.4624239e-03   5.0103330e-04
   1.2851640e-02  -6.1460449e-02  -5.8643030e-02   2.2201501e-03   1.5499521e-03   6.5582851e-04
  -8.4521184e-03  -5.4993513e-02  -1.0117324e-02   1.0943702e-03   1.7641854e-03   4.6050978e-04
  -2.9094659e-02  -1.3571859e-01  -1.1237134e-01   2.1035635e-03   1.8175555e-03   3.8257215e-04
  -1.2388117e-02  -9.6037661e-03  -5.5941710e-02   1.3182991e-03   1.2420875e-03   4.4957356e-04
   1.2586514e-02  -5.8063359e-02  -1.2759539e-02   1.5678913e-03   1.1290984e-03   4.0245788e-04
   7.1488539e-03  -9.1887189e-02  -1.1283000e-01   2.4952385e-03   1.3369719e-03   2.6543275e-04
   6.5076537e-03  -6.3679103e-02  -1.5126201e-01   1.9907975e-03   1.2721113e-03   5.3950548e-04
  -8.1535975e-04  -2.6162450e-02  -3.7789427e-02   1.1548688e-03   1.3602831e-03   5.7559410e-04
  -1.4179512e-02  -1.3754789e-01  -8.1345816e-02   1.6561370e-03   1.3711613e-03   1.5952042e-04
  -5.1171447e-03  -1.0245981e-01  -1.5213207e-01   1.6646372e-03   1.5694005e-03   3.4272440e-04
   6.4971123e-03  -1.6817580e-02   3.1486974e-02   3.2699849e-04   7.4738832e-04   1.3607670e-04
   1.6779241e-02  -1.6056129e-01  -1.1904762e-01   2.0217529e-03   1.0810025e-03   5.6184136e-05
   1.9631079e-05  -1.4804525e-02  -4.8278501e-02   1.0507722e-03   1.1298343e-03   3.6484756e-04
   2.7191017e-03  -6.5788009e-02  -2.1305056e-02   1.3999413e-03   9.6722982e-04   1.3904705e-04
  -3.1103158e-03  -8.6832147e-02  -9.7289124e-02   1.8615015e-03   1.2800141e-03   3.9827654e-04
   2.4771123e-02  -1.5905582e-02  -3.4737839e-03   7.7845737e-04   1.4417656e-03   4.3206370e-04
  -1.2171393e-02  -1.4381784e-01  -1.5817020e-02   1.7848195e-03   1.0558138e-03   2.1254464e-04
  -7.7979702e-03  -6.5386026e-02   2.2381032e-03   1.3028261e-03   1.2828472e-03   2.0243758e-04
  -1.7472762e-02  -7.8880115e-02   5.5691232e-02   1.0000675e-03   1.3868570e-03   1.1899770e-04
  -2.8028478e-03  -1.4890865e-01  -7.8880269e-02   1.8483709e-03   9.2742956e-04   1.2654563e-04
   8.9709287e-03  -1.4931651e-02  -3.0332016e-03   1.3151845e-03   1.6431639e-03   4.6387202e-04
  -1.2841824e-02  -8.6286348e-02   9.2847220e-03   1.7386925e-03   1.5963993e-03   2.1794182e-04
  -2.1882007e-02  -8.1287407e-02  -4.5760723e-02   2.3178513e-03   1.5317974e-03   3.2263005e-04
   1.2591730e-03  -7.4174630e-02   8.9356233e-03   1.8215605e-03   1.6825550e-03   2.9996653e-04
  -2.3502306e-02  -8.2145990e-02   3.8529325e-02   1.1617929e-03   1.5858594e-03   3.3418019e-04
  -3.8218225e-02  -1.4824216e-01  -6.1876405e-02   2.1009399e-03   1.4707284e-03   1.2442087e-04
  -3.1485417e-03  -8.3108273e-02  -1.1591046e-02   1.5570561e-03   1.9394840e-03   4.4297696e-04
  -1.1550829e-02  -7.6809983e-02   7.6764460e-02   1.4550863e-03   1.7229931e-03   3.5511736e-04
  -1.0742688e-02  -1.1990952e-01  -4.3782210e-02   2.2611719e-03   1.1295339e-03   1.5162195e-04
   1.0893216e-02  -3.9052466e-02  -6.7823032e-02   2.5733368e-03   1.1246256e-03   1.9432316e-04
   2.2211281e-04  -5.8547146e-02   2.3377497e-02   2.3210746e-03   1.3668953e-03   1.4855240e-04
  -1.4378272e-02  -1.1250892e-01   7.0688669e-02   2.1194724e-03   1.3621297e-03   3.2176977e-04
  -2.3319060e-02  -1.4706324e-01  -3.8488282e-02   2.9850416e-03   9.9113860e-04   5.9056276e-05
   1.4466809e-02  -3.5960383e-02   3.4400805e-02   1.4469582e-03   1.1820641e-03   1.8466847e-04
   1.2221245e-02  -6.4348636e-02   1.0813001e-01   1.3197917e-03   1.4700869e-03   8.7007493e-05
  -1.5930023e-02  -1.2462483e-01  -6.8778558e-02   2.1673392e-03   1.2094181e-03  -6.5835311e-05
  -1.3007900e-02  -4.7830833e-02  -1.2947917e-01   2.4134273e-03   1.7261796e-03   1.6877009e-04
   2.0132783e-02  -1.9305604e-02  -4.7425709e-02   1.9384883e-03   1.6463194e-03   2.2260490e-04
   3.9396421e-02  -6.6189505e-02   1.0186966e-01   1.5153359e-03   1.6596016e-03   1.2129305e-04
  -6.7327812e-03  -1.5684249e-01   1.7812030e-03   2.7349157e-03   1.5793451e-03  -6.0155360e-05
   5.6158536e-03  -5.9144769e-02  -5.4432862e-03   1.8677343e-03   1.5615021e-03  -6.6448357e-05
   7.0382990e-03  -7.3137136e-02   7.0357647e-02   1.4957518e-03   1.7381847e-03  -2.5169096e-04
  -9.6158873e-03  -1.6141972e-01  -4.2245158e-03   2.7433428e-03   1.5601065e-03  -4.6512869e-04
   3.5357163e-04  -4.0139395e-02   5.4762045e-02   1.7414353e-03   1.4384540e-03  -3.3568262e-04
   7.5893391e-03  -1.1658102e-01   4.6575841e-02   2.3218927e-03   1.2632945e-03  -1.8194086e-04
  -3.4470108e-03  -7.6068221e-02   3.8941712e-02   2.2574562e-03   1.3181720e-03  -1.6174245e-04
   2.0292126e-02  -5.7095064e-02   7.9443958e-02   1.2756578e-03   1.0605285e-03  -1.5317906e-04
   7.7054461e-03  -1.2926879e-01  -2.8041718e-02   2.2233230e-03   1.0406386e-03  -2.1928238e-04
   5.3820929e-03  -4.7126108e-02   5.8261789e-02   1.1614123e-03   1.3872171e-03   1.5002915e-05
   8.9916957e-03  -9.3426488e-02   5.1112437e-02   1.2535151e-03   1.1338425e-03  -1.0757781e-04
   6.0532691e-03  -9.5751452e-02  -1.0000658e-01   1.8620876e-03   1.0394903e-03  -1.1642151e-04
   2.5707331e-02   1.8160643e-02  -3.0651462e-03   8.5417456e-04   1.0449091e-03  -4.1476711e-05
   1.2968544e-02  -8.1905708e-02   5.3781775e-02   1.7724027e-03   1.0823230e-03  -7.9156705e-05
   7.8242246e-04  -7.6598597e-02  -4.9471082e-02   2.6702334e-03   1.0388091e-03  -1.1583776e-04
   2.7341857e-02   7.5056179e-03   6.6391451e-02   1.5358292e-03   1.0509895e-03   2.8834898e-06
   3.1609075e-04  -1.4071519e-01   2.6064228e-02   2.0773534e-03   6.7706986e-04  -1.8495697e-04
   3.4652959e-02  -9.3805362e-02  -3.2550595e-02   1.7906224e-03   6.3580671e-04  -7.0851050e-05
   3.6018595e-02  -5.3731306e-02   4.2762323e-02   1.1313644e-03   1.2490958e-03   1.5546900e-04
  -1.1656267e-02  -1.3966326e-01  -1.4401740e-01   1.8759211e-03   1.7820564e-03   2.9360519e-04
   2.6966398e-02  -2.5455308e-02  -3.7362352e-02   1.3221834e-03   1.3619356e-03   8.2845656e-05
   8.0621133e-03  -9.1162378e-02   6.1365063e-02   1.9313557e-03   1.4186062e-03  -2.4879440e-04
   2.0986134e-03  -1.1719565e-01  -5.2043389e-02   1.9794604e-03   1.4166129e-03  -3.0519016e-04
   1.5472159e-02  -6.8563387e-03  -8.9163943e-02   2.0262285e-03   1.2168971e-03  -1.6132558e-04
   2.7807652e-02  -3.4000646e-02  -8.6244236e-03   1.4863350e-03   1.2098778e-03   4.3082600e-05
   1.8102615e-02  -1.3688396e-01   1.3792121e-02   2.1109579e-03   1.1007245e-03  -3.1579586e-04
   2.3615709e-02  -1.1783994e-01  -4.1246629e-02   2.1075313e-03   9.5908160e-04  -3.8367729e-04
   2.4772618e-02  -6.0114162e-02   7.5430562e-02   1.2343948e-03   1.0536076e-03  -1.7908082e-04
   5.8031953e-03  -1.5444660e-01   5.8144583e-04   2.1439610e-03   7.2666427e-04  -2.4124300e-04
   2.9746666e-02  -5.1164271e-02  -9.4896112e-03   1.3131284e-03   8.9243579e-04  -1.6630477e-05
   1.5176710e-02  -3.4942806e-02   2.8937190e-02   1.0227122e-03   8.4067273e-04   1.2509767e-04
  -1.8033534e-02  -1.0308963e-01  -1.5146136e-02   2.3378543e-03   6.0065769e-04  -8.9710602e-05
   1.3680759e-02  -4.0979445e-02   1.5470203e-02   2.0940655e-03   8.9801569e-04  -8.7591028e-05
   1.5738383e-02  -9.6423869e-02   7.8249318e-02   1.1454684e-03   8.5222272e-04  -8.4210921e-05
  -1.2158480e-02  -1.6073694e-01  -5.3490621e-02   1.6406996e-03   8.0926485e-04  -2.5828301e-04
  -1.7956768e-03  -3.6126602e-02  -4.0747674e-02   8.7960963e-04   1.0496259e-03  -2.1802342e-04
   8.8633542e-03  -4.5730495e-02   5.8649866e-02   1.3680684e-03   9.0467378e-04  -1.7140094e-04
  -1.5253899e-02  -1.3659206e-01  -2.0731974e-02   2.6119668e-03   8.4788036e-04  -1.7454602e-04
   2.5896766e-02  -4.1956865e-02   1.8480869e-02   1.9880545e-03   7.3634988e-04  -9.0349759e-05
   1.7988565e-02  -7.6598183e-02   4.7450345e-02   1.1932244e-03   8.9688346e-04  -1.4069918e-04
   1.9065426e-02  -1.3984333e-01  -2.5546974e-02   2.1285250e-03   1.1649425e-03  -2.2166860e-05
   2.8165890e-02  -2.9760870e-02   6.3011090e-02   1.0423965e-03   1.4478441e-03   1.1388147e-04
  -6.7262688e-03  -1.3790310e-01  -4.8781513e-02   1.8976664e-03   1.5629681e-03  -6.9538352e-05
  -1.3631345e-02  -3.4993616e-02  -1.4169950e-02   1.1015102e-03   1.2821313e-03   2.6990215e-05
  -2.2056365e-03  -7.7660533e-02   5.8832893e-03   2.0223069e-03   9.6462433e-04   4.1223541e-05
   1.8864809e-03  -8.2524132e-02  -1.6409223e-02   2.3791932e-03   1.0552605e-03  -5.7743279e-05
   1.4401786e-02  -3.4573344e-02   5.5426678e-02   1.6977984e-03   9.9526619e-04   5.4866241e-05
   1.3866252e-03  -1.5074441e-01  -1.2448173e-02   2.5563698e-03   8.5854369e-04  -2.3521422e-04
   5.2365518e-03  -6.1482452e-02   1.7938962e-02   1.7709581e-03   9.1728988e-04  -1.9172229e-04
   1.5274592e-02  -9.0626423e-02   6.1709922e-02   1.5326191e-03   1.1149128e-03  -1.5976670e-04
   6.1906239e-03  -1.4941071e-01  -2.4547914e-02   2.3685302e-03   1.0480930e-03  -3.4321615e-04
   2.0505796e-02  -4.7518344e-02   4.8230518e-02   1.7870081e-03   1.2785541e-03  -2.5749048e-05
   1.1349120e-02  -1.2371661e-01  -2.3659815e-02   2.3819802e-03   1.3969327e-03  -3.9379288e-04
   2.4866587e-02  -6.6749544e-02   7.1155536e-03   1.9076488e-03   1.4567499e-03  -2.0800201e-04
   9.1509533e-03  -8.1143758e-02   3.4200032e-02   1.8462289e-03   1.8187707e-03  -6.2892254e-05
   3.6648468e-03  -1.1214790e-01  -3.8429394e-02   2.9192528e-03   1.7092206e-03   1.1778576e-05
  -9.0122737e-03  -1.3941231e-02   4.3462797e-02   1.5726868e-03   1.8649358e-03   8.3763253e-05
  -1.0751097e-02  -1.6509784e-01   1.8091096e-02   2.6781351e-03   1.8838552e-03  -1.2374298e-04
  -9.9880319e-04  -9.4205273e-02   1.9034757e-02   2.7805077e-03   2.0583420e-03   5.5200501e-05
  -6.0592730e-03  -9.9615329e-02   5.1654453e-02   2.0405976e-03   1.9524554e-03   1.3577318e-04
  -2.2445882e-02  -1.3120835e-01  -3.4690292e-02   2.3616646e-03   1.8657252e-03  -1.8725538e-04
   1.5392367e-02  -3.8883824e-02   6.0661830e-02   1.4148062e-03   1.9356126e-03  -4.6698883e-06
  -2.2892450e-02  -1.1694060e-01   8.5111383e-03   2.1814165e-03   2.0031052e-03  -4.9304474e-05
  -1.9140560e-02  -8.3119664e-02  -1.1739645e-01   2.3798723e-03   2.1576414e-03   6.5497100e-05
  -8.1683930e-04  -8.7106857e-03  -6.5533216e-02   2.1235008e-03   2.5522566e-03   2.6319672e-04
  -6.3069316e-03  -9.7920132e-02   6.3663557e-02   2.5153480e-03   3.0133609e-03   2.8181423e-04
  -3.1694911e-02  -1.5909103e-01  -1.2272097e-01   2.4481058e-03   2.2628720e-03  -9.1632765e-05
   6.5058725e-02   1.5260458e-02   5.9483191e-02  -2.8218779e-04  -8.6731047e-04  -3.0700889e-04
   4.6539356e-02  -1.1548292e-01   2.5900698e-02   6.2614064e-04  -6.8874592e-04  -4.1196041e-04
   2.8442468e-02  -4.1839481e-02   7.5312321e-03   1.0929277e-04  -7.2464592e-04  -1.7570838e-04
   5.7287104e-02  -5.0525858e-02   8.3748207e-02   6.4208509e-04  -1.0895293e-03  -3.4136315e-04
   3.6331383e-02  -9.6634066e-02   1.5697461e-02   7.8141177e-04  -1.0187440e-03  -3.7785838e-04
   5.8445589e-02  -2.0392986e-02   1.0179384e-01  -7.8800661e-04  -1.1950599e-03  -3.1846959e-04
   4.7712167e-02  -1.4428007e-01  -1.6221220e-02   5.1285388e-04  -1.2467124e-03  -3.4599265e-04
   6.7920805e-02   1.9549247e-02   6.2993634e-02  -8.9672872e-04  -1.4794046e-03  -3.1590477e-04
   4.7325009e-02  -1.3565186e-01  -8.6313106e-03   6.9895417e-05  -1.4609671e-03  -5.7287979e-04
   4.6686164e-02  -4.7050328e-02   3.4396573e-02   3.5252036e-04  -1.0953793e-03  -2.7671467e-04
   5.0008446e-02  -4.8115499e-02   7.4446132e-02   2.0052165e-04  -1.0622284e-03  -2.7847669e-04
   3.3109646e-02  -7.9813762e-02  -7.1185633e-03   7.9477043e-04  -1.3699136e-03  -5.7210647e-04
   4.7043671e-02   5.2465996e-03   1.0879310e-01  -6.1557658e-04  -1.0561727e-03  -3.9200107e-04
   3.1363434e-02  -1.0572019e-01   3.3765569e-02   7.6445260e-04  -1.5234714e-03  -1.5410235e-04
   5.9240773e-02  -3.3330342e-02   2.8051574e-02   4.7088991e-04  -1.5610633e-03  -1.3417848e-04
   6.9903971e-02  -7.3428830e-02   4.3271817e-02   9.7700875e-05  -1.4523271e-03  -1.1030019e-04
   5.6030876e-02  -9.0416185e-02  -1.3723177e-02   4.3593363e-04  -1.3620727e-03  -2.1797064e-04
   5.4547031e-02   4.8086421e-03   9.6591963e-02  -2.6994005e-04  -1.3065189e-03  -3.7937485e-05
   2.6126894e-02  -1.1356680e-01   3.0201288e-02   9.3788375e-04  -1.2660854e-03  -2.6862805e-04
   1.4249570e-03   2.5228326e-02  -1.1877200e-01   6.5061447e-04   1.8874915e-03   1.6591802e-04
  -9.4867106e-03   4.1999889e-03  -9.2507614e-02   3.8139390e-04   1.9615638e-03  -6.5907374e-05
  -7.2698736e-03  -1.0847041e-01  -1.5017256e-01   1.3589784e-03   1.7857949e-03  -2.5647573e-04
   3.2596973e-02  -4.5101267e-02  -5.6969906e-02  -9.6301943e-05   1.9622249e-03  -8.7015840e-05
  -1.0516693e-02  -1.3789028e-01  -1.0025057e-01   5.8585083e-04   1.8096820e-03  -2.5204896e-04
   1.1186544e-03  -3.8019458e-02  -1.3664641e-01  -3.9508041e-06   1.8115342e-03  -6.8497873e-05
   2.0979230e-02  -2.2752584e-02  -1.0378599e-01  -2.1213666e-04   2.0297699e-03  -1.5794465e-04
  -2.4055889e-02  -8.0561087e-02  -2.3784947e-01   1.5867001e-04   2.0081475e-03  -6.4183397e-05
  -1.3157806e-02  -1.2372434e-02  -2.6799287e-01   8.1061148e-04   2.2914233e-03  -7.2874768e-05
   2.2389290e-02   7.6106895e-03  -1.1435985e-01   2.6514955e-04   2.2114039e-03  -1.2707128e-04
   3.7104281e-03  -9.5479114e-02  -1.1476306e-01   7.1844856e-04   2.7215607e-03  -1.3047073e-04
   2.6762865e-03  -6.5723322e-02  -1.8100394e-01   5.2502795e-04   2.6157681e-03  -1.4610635e-04
   5.6297842e-02  -6.4820686e-02   6.9146578e-02   1.2878413e-04  -3.1950465e-04  -3.2177387e-04
   2.7603635e-02  -1.8350176e-01   1.6006996e-02   1.3590056e-03  -7.4429611e-04  -3.4551569e-04
   5.4483054e-02  -5.4483114e-02   1.4487538e-01   3.6426344e-04  -1.5593332e-04  -7.1816169e-04
   2.4449127e-02  -1.4194114e-01   1.4236874e-01   5.4491460e-04   1.1424165e-03  -8.5085286e-04
