   0.0000000e+00   0.0000000e+00   0.0000000e+00   0.0000000e+00   0.0000000e+00   0.0000000e+00
   3.8129965e-02   1.2049192e-01  -7.2348220e-02   9.6211470e-04  -5.4406943e-03  -1.5532853e-03
   7.6906968e-02   1.2056785e-01  -8.9882479e-02   9.5556427e-04  -5.8929515e-03  -1.6582205e-03
   2.3089458e-02   1.8033847e-01  -1.0121630e-02   3.8773668e-05  -3.0458722e-03  -3.3738290e-04
  -7.1301278e-03   8.6226734e-02  -1.3373914e-02   1.2982374e-04  -3.3405106e-03  -2.5112475e-04
  -1.1355897e-03   1.3817058e-01   1.0770932e-03  -2.6872168e-05  -3.1351498e-03  -1.8951005e-04
  -4.7767472e-03   8.7928275e-02  -1.3706526e-03  -1.0874960e-04  -3.2552881e-03  -2.4657386e-04
  -1.7858931e-02   1.3527027e-01  -8.4568957e-03  -4.3776062e-04  -3.0177045e-03  -3.1062388e-04
  -8.5548346e-03   1.1680304e-01  -4.0108731e-02  -2.5955331e-04  -3.1850087e-03  -2.7530686e-04
   7.3575186e-04   1.0582460e-01  -4.1153453e-03  -8.5345770e-05  -3.1882718e-03  -2.5005062e-04
   6.9618763e-03   1.6944855e-01  -7.4173166e-03  -2.1385278e-04  -3.3416922e-03  -2.7439762e-04
   2.0628770e-02   1.4632863e-01  -1.2841755e-03  -3.5998565e-04  -3.4970779e-03  -3.4243612e-04
  -6.3115796e-03   1.1298911e-01  -7.6526744e-03   1.5989911e-04  -3.7271409e-03  -4.3961497e-04
   2.2731380e-03   1.5148184e-01   2.9437774e-02   1.9807054e-05  -3.5178401e-03  -2.0982425e-04
  -6.7107673e-03   1.0639281e-01   1.1432026e-02  -4.7381121e-04  -3.4962208e-03  -3.7295887e-04
   2.2026517e-03   1.2995184e-01  -2.2309132e-02  -2.6572855e-04  -3.6508081e-03  -6.2273394e-04
   1.1916196e-03   9.2877663e-02  -3.5891089e-02  -3.1334648e-05  -3.5720100e-03  -4.3728038e-04
   2.3826316e-03   9.5124924e-02   1.9125515e-02   1.1581901e-05  -3.6697542e-03  -4.8869778e-04
   1.4652873e-02   1.5883593e-01   2.9586063e-02   7.9622026e-06  -3.9053312e-03  -4.2110582e-04
   6.1750425e-03   1.1989340e-01   2.4660671e-02  -1.4264529e-04  -4.2520723e-03  -6.7751921e-04
   2.2093535e-02   1.4259892e-01   2.1310165e-02   9.2232990e-06  -3.8204960e-03  -7.2373503e-04
   2.3188674e-02   1.1269785e-01   3.6016286e-02  -2.2445361e-04  -3.9542877e-03  -5.0618265e-04
   3.9427310e-02   1.4403372e-01   3.5220687e-02  -5.0353847e-04  -4.3142307e-03  -6.0396273e-04
   3.9337343e-02   9.5981479e-02   6.2327838e-03  -3.2429368e-04  -4.1772752e-03  -5.9960039e-04
   1.0162682e-02   9.8825849e-02   9.2110716e-03  -1.2627230e-04  -3.9923354e-03  -7.6811237e-04
   3.0627023e-02   1.5628251e-01   3.4332058e-02  -2.5658584e-04  -4.0852111e-03  -6.8076640e-04
   2.1775680e-02   1.1955653e-01   2.7182272e-02  -3.2044558e-04  -4.1642745e-03  -6.3256520e-04
   2.7588570e-02   1.4564538e-01   4.0438119e-03  -1.3305520e-04  -4.2826018e-03  -6.1740618e-04
   1.0745560e-02   1.1981440e-01   9.3836978e-03   2.9464144e-04  -4.1575436e-03  -7.1236417e-04
   4.6743609e-02   1.5645581e-01   2.0833000e-02   2.2042030e-04  -4.2531797e-03  -6.7738889e-04
   3.3628490e-02   1.2920265e-01  -1.2802731e-03   1.3505430e-04  -4.1227704e-03  -7.1672419e-04
   2.6489122e-02   5.8358940e-02   8.6008560e-03   8.4483582e-05  -4.0048731e-03  -7.2294731e-04
   3.6660687e-02   1.2789086e-01   2.7166831e-02  -1.0213525e-04  -4.3601172e-03  -6.2484320e-04
   3.1924713e-02   1.0022256e-01   3.0200503e-02   3.2383193e-06  -4.2438776e-03  -6.5367247e-04
   1.9092115e-02   1.2354587e-01   2.3429610e-02  -1.3223212e-04  -4.1392296e-03  -4.9275085e-04
   1.2981869e-02   1.6654888e-01   1.2982064e-02   2.4655397e-04  -3.9461536e-03  -4.4525578e-04
   4.2316123e-02   1.5564248e-01   3.6118172e-02   4.4472991e-04  -4.0262446e-03  -3.5978462e-04
   3.4065121e-02   1.4187550e-01   2.2772369e-02   1.3022993e-04  -4.0770013e-03  -4.1567189e-04
   3.8082822e-02   1.1678540e-01   3.5046084e-02   1.1287586e-04  -3.9650203e-03  -4.8929409e-04
   2.0822494e-02   1.1324401e-01   5.6961848e-02  -1.7936166e-04  -3.8759015e-03  -4.9238895e-04
   1.7790053e-02   1.4670113e-01   4.3233262e-02  -4.0617045e-04  -4.0535039e-03  -3.8133828e-04
   2.8188979e-02   1.0960098e-01   3.5633861e-02  -2.1187753e-04  -4.2601445e-03  -5.1323119e-04
   2.0354223e-02   1.1561222e-01   7.0523038e-02  -1.1230356e-04  -3.8694892e-03  -6.1445843e-04
   1.9002167e-02   1.6161218e-01   6.3480084e-02  -1.6191523e-04  -4.0425423e-03  -4.8415774e-04
   2.2567152e-02   1.6526907e-01   7.5863704e-02  -1.8358631e-04  -4.1718896e-03  -4.5635719e-04
   2.8121185e-02   1.8388567e-01   7.5754858e-02  -6.7654123e-04  -4.4776738e-03  -5.7357109e-04
   3.3139286e-02   1.5585019e-01   7.0238673e-02  -6.4261608e-04  -4.2494868e-03  -4.4920224e-04
   3.7273677e-02   1.2678863e-01   7.6539516e-02  -4.4232350e-04  -4.2893485e-03  -4.2189473e-04
   3.8173686e-02   1.4817024e-01   8.4163354e-02  -9.9032864e-04  -4.4962866e-03  -3.6801880e-04
   3.9108813e-02   1.4650334e-01   7.8473871e-02  -1.1960793e-03  -4.5136105e-03  -4.1513151e-04
   3.5046746e-02   1.4734122e-01   9.0478267e-02  -9.5055216e-04  -4.4398512e-03  -4.3257524e-04
   4.5673459e-02   2.0436321e-01   1.1286581e-01  -5.9736478e-04  -4.3873793e-03  -3.6663375e-04
   3.6372131e-02   1.8422847e-01   1.3411334e-01  -5.8257172e-04  -4.5554112e-03  -5.1196382e-04
   2.8585140e-02   1.8385490e-01   1.2173441e-01  -6.0076959e-04  -4.6747556e-03  -5.9600824e-04
   3.5486055e-02   1.5359265e-01   1.2359988e-01  -5.4828875e-04  -4.4590964e-03  -5.3444360e-04
   3.1804759e-02   1.0712566e-01   1.3749049e-01  -7.1959841e-04  -4.4086936e-03  -4.8980349e-04
   5.2415479e-02   1.5865264e-01   1.3724625e-01  -8.4057976e-04  -4.4855438e-03  -4.7720032e-04
   1.9437317e-02   1.5095212e-01   1.2398727e-01  -8.9024758e-04  -4.3107374e-03  -5.5928898e-04
   2.8956376e-02   1.6670839e-01   1.2319550e-01  -8.0287524e-04  -4.5237308e-03  -4.9440620e-04
   2.1808245e-02   1.7102030e-01   1.2144520e-01  -4.7436912e-04  -4.4364887e-03  -5.6980029e-04
   4.0667432e-02   1.7224281e-01   1.2271539e-01  -4.2989838e-04  -4.5633975e-03  -4.0497934e-04
   4.4220838e-02   2.0632117e-01   1.1688617e-01  -4.0873880e-04  -4.4484231e-03  -3.3660779e-04
   2.0691125e-02   1.4796227e-01   1.3258748e-01  -6.9051653e-04  -4.3450480e-03  -4.1869026e-04
   1.9080887e-02   1.4764516e-01   1.0984422e-01  -1.0052156e-03  -4.3632139e-03  -5.2147982e-04
   3.5218406e-02   1.4691798e-01   1.1116623e-01  -4.0367644e-04  -4.2229179e-03  -2.8311200e-04
   1.7031941e-02   1.0515344e-01   1.4179771e-01  -5.7784548e-04  -4.4681848e-03  -2.4463766e-04
   3.6502367e-02   1.8265226e-01   1.4343709e-01  -6.3685071e-04  -4.5226418e-03  -3.5861365e-04
   1.7370583e-02   1.3429559e-01   1.3574232e-01  -5.8489156e-04  -4.4096138e-03  -2.8634523e-04
   3.6235986e-02   1.6582933e-01   1.2156737e-01  -8.8059255e-04  -4.2545047e-03  -3.7572581e-04
   2.6148853e-02   1.8125520e-01   1.1380528e-01  -3.4181101e-04  -4.1084885e-03  -1.8268506e-04
   3.3727654e-03   1.5287044e-01   1.4298396e-01  -3.0859449e-04  -4.1436390e-03  -2.5872014e-04
   1.3176436e-02   1.6993343e-01   1.3630541e-01  -6.9616973e-04  -4.4747039e-03  -1.7582483e-04
   3.0535180e-02   1.5441007e-01   1.2870353e-01  -5.1922216e-04  -4.3736194e-03  -2.8549698e-04
   1.9571006e-02   1.2183784e-01   1.2527774e-01  -6.3001839e-04  -4.4265569e-03  -3.0254364e-04
   1.9886167e-02   1.8984302e-01   1.3155691e-01  -3.2893470e-04  -4.4531303e-03  -2.6787514e-04
   3.4301645e-02   1.6487420e-01   1.4234068e-01  -1.6079673e-04  -4.2487137e-03  -3.3989029e-04
   1.7502282e-02   1.5833987e-01   1.5853711e-01  -3.3269064e-04  -4.3508894e-03  -2.1990440e-04
   2.6280868e-02   1.5261150e-01   1.4996498e-01  -1.8127256e-04  -4.6863903e-03  -2.7231725e-04
   3.5910021e-02   1.5320621e-01   1.7834542e-01  -7.7430169e-04  -4.8473665e-03  -4.2179866e-04
   3.6814436e-02   1.2399203e-01  -1.4109215e-01  -2.2278441e-04  -4.5510031e-03  -7.1739824e-04
   4.2904399e-02   1.3811516e-01  -1.9949007e-01   1.7220184e-04  -4.5827726e-03  -6.3211215e-04
   1.5725489e-02   1.8001112e-01  -1.4984565e-01  -3.7372665e-04  -4.3315059e-03  -8.6535737e-04
   4.2416889e-02   1.4696819e-01  -1.7124345e-01   2.8868598e-04  -4.3738848e-03  -8.1455253e-04
   4.6351577e-02   1.4022150e-01  -1.3126028e-01   2.4565724e-04  -4.3647500e-03  -9.4635763e-04
   3.6014223e-02   1.5232096e-01  -1.3945298e-01   2.6312190e-04  -4.5365976e-03  -7.2804568e-04
   3.7456609e-02   1.4178164e-01  -1.3332447e-01   2.4337436e-04  -4.5393794e-03  -8.7931887e-04
   3.2844637e-02   1.1408342e-01  -1.4429974e-01   1.8372345e-04  -4.2299859e-03  -7.3811871e-04
   3.1434450e-02   1.2098273e-01  -1.1145631e-01   5.3976048e-05  -4.0208859e-03  -8.3454000e-04
   3.8919670e-02   1.1808335e-01  -1.3346770e-01  -1.6844344e-04  -4.2215017e-03  -8.0920538e-04
   1.4441432e-02   1.4778813e-01  -1.5674951e-01  -9.8500881e-05  -4.2789300e-03  -6.7836706e-04
   4.0484931e-02   1.3368791e-01  -1.5347551e-01   4.3496084e-04  -4.2188428e-03  -5.5934570e-04
   4.1681147e-02   1.3952585e-01  -1.3016397e-01   2.0273597e-04  -4.2091295e-03  -6.8199252e-04
   4.6882371e-02   1.4365730e-01  -1.5091527e-01   1.8828860e-04  -4.4265016e-03  -6.7425525e-04
   2.6255467e-02   9.7283310e-02  -1.5426085e-01   3.3988191e-04  -4.3607144e-03  -6.5063275e-04
   2.1608654e-02   1.8328119e-01  -1.4759454e-01   3.9556172e-04  -4.2791013e-03  -8.0106812e-04
   2.2723283e-02   1.6712422e-01  -1.2944954e-01   1.1469258e-03  -3.9479542e-03  -8.0243494e-04
   1.5120961e-02   4.3678533e-02  -1.5532092e-01   8.6274149e-04  -3.9391277e-03  -5.6232519e-04
   6.6768613e-03   1.3745021e-01  -1.3904261e-01   6.1740684e-04  -3.9071293e-03  -4.8328674e-04
   1.3138856e-02   1.4419296e-01  -1.2612960e-01   8.8752439e-04  -3.8129981e-03  -3.3769613e-04
   1.1718986e-02   1.3908317e-01  -1.0692128e-01   7.8642455e-04  -4.0450787e-03  -4.0792194e-04
   2.4716599e-02   1.4627255e-01  -1.4177267e-01   8.7889046e-04  -4.1222427e-03  -5.9020816e-04
   1.8589344e-02   1.2016048e-01  -1.6132930e-01   7.6095360e-04  -3.9411352e-03  -5.5851076e-04
   8.2058843e-03   1.3648133e-01  -1.6046456e-01   6.3384002e-04  -3.7588779e-03  -5.1639990e-04
   2.2685229e-02   1.5145661e-01  -1.4129293e-01   7.4947517e-04  -3.8891862e-03  -5.2941002e-04
   3.6232701e-02   1.2662449e-01  -1.3999378e-01   5.9568863e-04  -3.9446176e-03  -6.4305275e-04
   3.2942351e-02   1.4508047e-01  -1.4119239e-01   7.4212807e-04  -3.8999019e-03  -7.6198294e-04
   2.7499398e-02   1.2180659e-01  -1.1470958e-01   1.0996361e-03  -3.7244479e-03  -7.7037756e-04
   3.1414826e-02   1.9375592e-01  -7.4273248e-02  -3.7483345e-04  -3.4983375e-03  -7.1606342e-04
   2.8853102e-02   1.8710332e-01  -7.8108752e-02  -6.1449296e-04  -3.3510027e-03  -6.3380067e-04
   1.1936350e-02   1.4115644e-01  -9.0561530e-02  -3.1106168e-04  -3.6392310e-03  -7.6744497e-04
   3.6510026e-02   1.7198378e-01  -1.0085743e-01  -2.2063025e-04  -3.3477098e-03  -6.2699763e-04
   9.8156345e-03   1.1521001e-01  -8.9879490e-02  -3.8120721e-04  -3.3991001e-03  -5.6795185e-04
   3.6378197e-02   1.5070355e-01  -9.2741936e-02  -2.9766553e-04  -3.5499170e-03  -4.5387159e-04
   4.4672612e-03   1.0973360e-01  -9.5225243e-02  -4.1559241e-04  -3.5384400e-03  -6.2102455e-04
   9.3014257e-03   1.6509400e-01  -9.2431352e-02  -3.4073316e-04  -3.7417420e-03  -7.2479058e-04
   2.4367195e-02   1.4110369e-01  -6.4857798e-02   1.0987315e-04  -4.0006385e-03  -8.8594952e-04
   3.1529911e-02   1.7949425e-01  -4.9871245e-02   1.7899488e-04  -4.0226843e-03  -9.4689317e-04
   3.5284675e-02   1.4884282e-01  -6.6548008e-02   3.2000571e-04  -4.0113749e-03  -9.6460585e-04
   3.5786500e-02   1.3910185e-01  -6.4773412e-02  -1.9181502e-04  -4.1072945e-03  -7.5181499e-04
   3.0701972e-02   1.3937518e-01  -7.6407329e-02  -2.7956462e-04  -4.2461479e-03  -7.4028270e-04
   3.7679340e-02   1.1551549e-01  -7.0513857e-02  -3.9679118e-04  -4.1597304e-03  -8.7697183e-04
   2.6085420e-02   1.3702385e-01  -4.7462431e-02  -1.7929706e-04  -4.2166756e-03  -7.6744296e-04
   4.8027002e-02   1.5765426e-01  -2.1663134e-02   2.4056715e-04  -4.3104304e-03  -7.7672691e-04
   3.0385318e-02   1.2507424e-01   4.1821171e-04   1.3182086e-04  -4.1413913e-03  -8.6814099e-04
   3.7629150e-02   1.4939209e-01  -2.3491447e-03   1.7608145e-04  -4.2715544e-03  -7.4619476e-04
   3.4946015e-02   7.9609355e-02  -2.0775184e-02   4.2788081e-04  -4.4195975e-03  -7.8846291e-04
   5.2719077e-02   1.5092036e-01  -1.5209538e-02  -4.7421606e-04  -4.3385278e-03  -9.1159951e-04
   1.5519586e-02   9.5263919e-02  -3.6091468e-02   3.8542487e-04  -4.1174852e-03  -7.5859002e-04
   3.2559413e-02   1.8856502e-01   7.6163339e-03   2.7038858e-04  -4.2708216e-03  -7.5024674e-04
   3.7481907e-02   1.4892496e-01   1.0972460e-02   2.8214917e-04  -4.0637662e-03  -9.4480463e-04
   3.2868451e-02   1.6085296e-01   7.9220636e-02   1.5257051e-04  -4.3611034e-03  -6.6096530e-04
   2.3905047e-02   1.5328718e-01   1.0923031e-01   2.2145763e-04  -4.0430164e-03  -8.2813725e-04
   3.1161836e-02   1.7892637e-01   1.4672648e-01   4.1898997e-05  -4.4487277e-03  -6.9284374e-04
   4.2277422e-02   1.7071236e-01   5.0631260e-02   3.2767632e-04  -4.0804053e-03  -7.8339307e-04
   3.2507484e-02   5.8782442e-02  -1.5268550e-02   5.8408301e-04  -4.2848327e-03  -8.3909456e-04
   5.1261545e-02   1.7911141e-01   1.4919591e-01  -4.5201677e-04  -4.7891501e-03  -5.7974412e-04
   2.0002132e-02   1.5220921e-01   1.5416339e-01  -3.4494412e-04  -4.3371125e-03  -6.6218098e-04
   4.5609564e-02   1.1177860e-01  -1.5657801e-01   8.8654989e-04  -4.9440441e-03  -5.4809406e-04
   3.3885084e-02   1.8943178e-01  -2.9582903e-01   8.8453131e-04  -4.7981015e-03  -6.0759655e-04
   2.7965983e-02   1.1166676e-01  -2.7974239e-01   1.1091959e-03  -5.0073977e-03  -5.2292186e-04
   4.8738360e-02   1.6230204e-01  -2.9394465e-01   1.2321276e-03  -4.8258913e-03  -4.6149501e-04
   3.6275535e-02   1.1755218e-01  -2.7157424e-01   9.3212922e-04  -4.8361332e-03  -4.2802994e-04
   4.3193812e-02   1.1631487e-01  -2.8680140e-01   9.1319667e-04  -5.2157298e-03  -6.7652277e-04
   6.4498342e-02   8.2825762e-02  -3.0358228e-01   1.0079692e-03  -5.2388908e-03  -8.0760990e-04
   5.1253217e-02   8.3004385e-02  -2.7201746e-01   1.0323943e-03  -5.0636575e-03  -9.3979912e-04
   6.6531162e-02   1.0678576e-01  -2.7297640e-01   1.0420621e-03  -5.6508452e-03  -1.1702697e-03
   7.8862238e-02   8.1014276e-02  -2.4813752e-01   1.8977301e-03  -5.5782420e-03  -1.3570775e-03
   9.1666698e-02   1.2343937e-01  -2.4321841e-01   1.4528353e-03  -5.8456504e-03  -1.3406481e-03
   8.4398159e-02   7.1137257e-02  -2.8353851e-01   1.5661071e-03  -5.8990083e-03  -1.4036406e-03
   8.1266854e-02   9.2260586e-02  -2.7685890e-01   1.6813621e-03  -6.0212652e-03  -1.4730853e-03
   9.8827649e-02   6.7384024e-02  -3.0575847e-01   1.8224786e-03  -6.2273007e-03  -1.5759617e-03
   9.7451328e-02   1.0308142e-01  -2.9206582e-01   1.2372452e-03  -6.0244110e-03  -1.5923484e-03
   8.9349704e-02   1.0923816e-01  -2.8697038e-01   1.4863861e-03  -5.8613187e-03  -1.4734688e-03
   9.5959138e-02   1.3206240e-01  -2.6703628e-01   2.3390572e-03  -6.0249750e-03  -1.3269342e-03
   7.1760885e-02   1.1887554e-01  -2.3302876e-01   1.9970148e-03  -6.1503236e-03  -1.5260964e-03
   9.6421476e-02   1.3389843e-01  -2.1251367e-01   2.0166356e-03  -6.0748247e-03  -1.5467302e-03
   8.7876270e-02   9.8546247e-02  -2.2349815e-01   1.8690105e-03  -6.1081134e-03  -1.6687357e-03
   1.0228666e-01   1.0140288e-01  -2.3243020e-01   1.8139488e-03  -6.3893234e-03  -1.6094194e-03
   9.7434639e-02   7.9687127e-02  -2.3805936e-01   1.9751909e-03  -6.2140196e-03  -1.5556913e-03
   9.6431098e-02   5.5034059e-02  -2.1295970e-01   1.8439956e-03  -6.3696539e-03  -1.6377617e-03
   1.0963416e-01   1.0716860e-01  -2.0458654e-01   1.5350886e-03  -6.1767980e-03  -1.4094327e-03
   1.1806777e-01   6.3246944e-02  -2.1882563e-01   1.7417659e-03  -6.8080854e-03  -1.5866741e-03
   9.7092911e-02   8.8404887e-02  -2.1236238e-01   1.4840711e-03  -6.2317469e-03  -1.6876652e-03
  -1.0195805e-02   9.7227578e-02  -1.3315821e-02   9.8993487e-04  -2.7483131e-03  -3.1538650e-04
  -2.3526627e-02   1.3161346e-01   2.7597711e-02   4.9469885e-04  -2.8859179e-03  -1.4206112e-04
  -9.6336430e-03   1.8581657e-01   4.9278988e-03   1.1533990e-03  -3.0904221e-03  -9.3492961e-05
   1.4080443e-02   1.3270817e-01   5.5154158e-03   1.1141533e-03  -2.8532024e-03  -9.5741913e-05
  -1.6811559e-03   1.1336551e-01  -9.3233529e-03   1.3002112e-03  -2.8674004e-03  -2.7511263e-04
   1.5396737e-02   9.0792049e-02   1.8884101e-02   8.9051827e-04  -3.2250578e-03  -2.7041894e-04
  -9.5188106e-03   1.0125497e-01  -1.7439840e-02   9.6109956e-04  -3.1470824e-03  -2.1014117e-04
  -1.6251049e-03   9.2509282e-02  -1.5421590e-02   7.5795943e-04  -3.1154190e-03  -2.0032024e-04
  -2.8081318e-02   1.6045113e-01  -1.9812348e-02   5.7262294e-04  -2.7750175e-03  -1.6627939e-04
  -8.9865256e-03   1.5486134e-01  -2.8710954e-02   8.7308615e-04  -3.1331389e-03  -1.5459115e-04
  -1.0728651e-02   2.3000805e-01   2.8074648e-03   1.0624743e-03  -2.6716290e-03   2.4738557e-05
  -1.2550190e-02   1.8895926e-01   2.5409834e-02   1.1717836e-03  -2.7398954e-03   5.9043908e-07
  -2.3843343e-02   1.2550898e-01   4.4085214e-02   8.7277996e-04  -2.8720198e-03  -1.6279020e-05
  -1.6302765e-02   1.5930760e-01   4.3658304e-02   9.4920930e-04  -2.7567370e-03   1.5755289e-05
  -3.5128396e-02   1.4497955e-01   6.4270755e-02   6.2367319e-04  -2.6789363e-03  -5.0967045e-06
  -3.1184744e-02   1.8130425e-01   4.8867535e-02   8.1634404e-04  -3.0124699e-03  -1.6234590e-04
  -2.9052620e-03   1.6541584e-01   4.1924500e-02   1.0478600e-03  -3.2839434e-03  -1.2392842e-04
   4.0295924e-03   1.3106589e-01   2.0712397e-02   1.3983619e-03  -3.4186656e-03  -6.8964482e-05
   1.1686861e-03   1.4677561e-01   1.8039792e-02   1.2110923e-03  -3.1812283e-03   9.9775519e-05
   7.2459104e-03   1.2568924e-01   1.2186061e-02   3.8187209e-04  -3.3753492e-03   1.7236766e-06
  -6.3017847e-03   1.3638774e-01  -1.3215029e-02   4.8386717e-04  -3.3043072e-03   2.0809797e-05
  -2.7026812e-02   1.4313795e-01  -5.8378794e-03   7.5232970e-04  -3.2564097e-03   1.8843161e-04
  -1.4087893e-02   1.8262332e-01   3.8917259e-02   1.3233399e-03  -3.0860783e-03  -1.4162814e-04
  -1.6666537e-02   1.5011581e-01   7.7469745e-02   1.0441429e-03  -3.0288761e-03  -1.5258250e-04
  -3.0482807e-03   1.8135742e-01   6.8066361e-02   1.1400120e-03  -3.2693559e-03  -1.3052364e-04
  -1.2998779e-03   1.3346203e-01   4.4277551e-02   1.1309035e-03  -3.3578966e-03  -4.3276351e-05
  -1.6338226e-03   1.6621331e-01   3.8015922e-02   5.4759063e-04  -3.2527117e-03  -1.2303253e-04
  -1.5248551e-02   9.8154950e-02   3.0368813e-02   5.7924490e-04  -3.1921588e-03   3.1058656e-05
  -3.9342051e-03   1.6227287e-01   3.2949203e-02   1.1337222e-03  -3.3347925e-03   1.4664762e-04
  -9.0189480e-03   1.2579211e-01   5.6249828e-02   1.0353168e-03  -3.0866401e-03   1.0395758e-04
  -5.0985528e-03   1.5157413e-01   3.4256304e-02   3.2610362e-04  -3.0384315e-03   5.5313065e-05
  -2.7136413e-02   1.2000806e-01   4.0290670e-02   3.6203975e-04  -2.9922518e-03   2.1683616e-05
  -3.9823187e-02   1.5974050e-01   4.7034515e-02   6.6356636e-04  -2.9270449e-03   3.0302263e-04
  -3.0167879e-02   2.1741458e-01   7.7503878e-02   1.0648331e-03  -2.8598364e-03   1.1262541e-04
  -3.3801018e-02   1.4358066e-01   8.5817917e-02   1.1223167e-03  -2.9501945e-03   7.4663252e-05
  -1.5647736e-02   1.5281194e-01   9.9944383e-02   7.8564069e-04  -2.8344895e-03   1.4156634e-04
  -1.2915963e-02   1.2041699e-01   8.6095959e-02   7.4259550e-04  -2.8436170e-03   6.4893918e-05
  -1.1946460e-02   1.0349468e-01   9.2247852e-02   6.3698899e-04  -2.8053505e-03   1.8440519e-04
  -1.8650362e-02   1.5960033e-01   8.5188325e-02   9.5166000e-04  -2.9152859e-03   1.7884972e-04
  -1.8360951e-02   9.4336414e-02   7.5951387e-02   1.4087773e-03  -3.3492743e-03   1.0462466e-04
  -3.3428969e-03   1.3776138e-01   7.9283542e-02   1.3054499e-03  -3.2901942e-03   1.6855842e-05
  -1.1771894e-02   1.0798415e-01   9.0563302e-02   5.2697144e-04  -3.4267019e-03   1.8740964e-06
  -6.6724728e-03   1.4833545e-01   6.4282928e-02   6.2965522e-04  -3.2353344e-03   1.2306576e-04
  -2.2044575e-02   1.1840484e-01   5.5912828e-02   9.3763372e-04  -3.0530340e-03   8.2645489e-05
  -1.4771470e-02   1.8523869e-01   6.8156483e-02   9.2457920e-04  -2.9183043e-03  -3.3357194e-05
  -3.7247235e-02   1.5001499e-01   8.0860234e-02   8.1451087e-04  -2.9823944e-03   1.1577170e-04
  -2.5400667e-02   1.8144099e-01   6.7308121e-02   5.2146428e-04  -3.0951270e-03  -6.3105456e-05
  -2.8617571e-02   1.1416823e-01   7.6314953e-02   1.2983934e-03  -3.1211402e-03  -9.0058215e-05
  -7.0411594e-03   1.7167168e-01   9.4245829e-02   1.3076560e-03  -2.9703570e-03  -2.6772632e-04
  -3.3076219e-03   1.4943144e-01   1.0074281e-01   1.0049652e-03  -3.2121678e-03  -2.9325952e-04
  -5.6740397e-03   1.4318132e-01   6.2836068e-02   8.4466784e-04  -3.3056982e-03  -2.3562356e-04
  -1.4835869e-02   1.4863907e-01   2.1618337e-02   1.4835619e-03  -3.0021619e-03  -1.4847861e-04
  -1.3544335e-02   1.5469710e-01   5.7693592e-02   6.1088231e-04  -2.9506531e-03  -3.0002052e-05
  -2.6201288e-02   1.4797213e-01   3.5067133e-02   8.3855000e-04  -3.0908976e-03   1.4969705e-05
  -2.2434375e-02   1.5321103e-01   4.5400475e-02   9.5744809e-04  -3.0598298e-03  -5.0970450e-05
  -2.4585751e-02   1.7979271e-01   8.1838971e-02   1.4863322e-03  -2.7767790e-03   1.3737824e-04
  -1.0972308e-02   1.6193312e-01   1.1501891e-01   1.4320192e-03  -2.8250695e-03  -5.9461399e-07
  -1.2670948e-02   1.3432721e-01   1.0380573e-01   1.5077155e-03  -2.8841412e-03   6.0990487e-05
   2.9922552e-03   1.5775515e-01   7.3137370e-02   1.2284779e-03  -3.2403505e-03  -1.8939159e-04
  -1.0693731e-02   8.5871571e-02   5.5832036e-02   1.6411513e-03  -2.9362244e-03   2.8908444e-06
  -1.3147876e-02   1.6082909e-01   6.1858227e-02   9.1587809e-04  -3.0822637e-03   1.0343419e-05
  -1.8365008e-02   9.4681065e-02   2.7515598e-02   8.7557974e-04  -3.1840679e-03  -1.6993447e-04
   4.3102362e-03   1.7145553e-01   7.2671612e-02   2.8102633e-04  -2.9427709e-03  -2.2254332e-04
  -1.7673141e-02   1.1422331e-01   2.9452931e-02   9.8106140e-04  -3.0793616e-03  -3.7142919e-05
  -2.4187293e-02   2.0721012e-01   7.1175591e-02   1.3619279e-03  -2.9099178e-03  -4.7781603e-06
  -2.8512811e-02   1.7284270e-01   1.0382281e-01   1.6019348e-03  -2.8566253e-03   1.1423423e-04
  -1.9916624e-02   1.4593821e-01   1.3825932e-01   9.0356316e-04  -2.9966579e-03   1.0338884e-04
  -2.9869368e-02   1.5423362e-01   1.1515602e-01   1.1362739e-03  -3.1070621e-03  -2.5529243e-04
   3.9992665e-03   1.0888828e-01   1.2569325e-01   1.0412840e-03  -3.1099574e-03   3.5128745e-05
  -1.6225428e-02   1.0700619e-01   9.9446492e-02   1.2304936e-03  -2.8988052e-03   2.2193396e-04
  -1.2752583e-02   1.2912861e-01   1.2684985e-01   7.3777995e-04  -2.9850054e-03  -6.3898420e-05
  -2.3338355e-02   1.0023729e-01   1.0906668e-01   1.3113138e-03  -3.3290242e-03   1.0315866e-04
   1.0385061e-02   1.6656027e-01   1.2304548e-01   1.0490027e-03  -3.2346016e-03  -2.4605377e-04
  -5.4380623e-03   1.0397594e-01   8.8727408e-02   1.4270980e-03  -3.3825720e-03  -2.6588716e-04
   6.6879287e-03   1.7563587e-01   1.3014885e-01   8.9237044e-04  -3.5656277e-03  -3.9027772e-04
   2.2480042e-02   1.1195885e-01   6.8503881e-02   1.1231653e-03  -4.0956520e-03  -3.4268681e-04
   3.7700952e-02   1.4058229e-01   6.5258929e-02   5.7675045e-04  -3.9688299e-03  -4.1240365e-04
   2.2303434e-02   1.4245518e-01   4.8557937e-02   1.3544979e-04  -3.8216810e-03  -5.1283975e-04
  -1.7911400e-03   1.4601750e-01   5.3434639e-02   4.7419595e-04  -3.6878976e-03  -2.8750520e-04
  -9.9599125e-03   2.2050830e-01   6.6017170e-02   1.2925348e-03  -3.1690975e-03  -2.1827853e-05
  -2.8789832e-02   1.9306632e-01   1.4828459e-01   8.8275663e-04  -3.0215754e-03  -1.2046725e-04
  -4.3004882e-03   1.8612254e-01   1.1394390e-01   1.1241649e-03  -3.2215022e-03  -1.8632366e-04
  -1.1091199e-02   1.2238326e-01   1.4923688e-01   1.1549030e-03  -3.1231266e-03  -2.4228848e-04
  -1.0961346e-02   1.5340889e-01   8.9162190e-02   8.9521935e-04  -3.2995398e-03  -2.0280955e-04
   2.1095655e-02   1.3021642e-01   1.2417302e-01   1.5709923e-04  -3.4007083e-03  -2.5351429e-04
  -1.6481114e-02   8.9176112e-02   4.0664071e-02   1.0340795e-03  -3.4476087e-03  -2.5238684e-04
   2.0854633e-02   1.5470803e-01   1.5857704e-01   8.8275684e-04  -3.4735689e-03  -2.5015323e-04
  -3.2630700e-02   5.6636547e-02   1.2951726e-01   1.3876359e-03  -1.9849758e-03   2.6206224e-06
  -9.0188633e-02   4.7357215e-02  -1.4927796e-01   1.5848401e-03  -2.0671198e-03   4.3882761e-04
  -2.9329590e-02   2.6010132e-01  -1.8707556e-01   2.1268622e-03  -3.1226971e-03   3.8534585e-04
  -2.5844772e-02   2.0518098e-01   1.8906555e-01   4.1624284e-04  -2.0626983e-03   3.1321468e-04
  -5.8333465e-02   1.7831845e-01   3.9620331e-01  -4.7500604e-04  -1.9263691e-03   1.9413829e-04
   5.3229903e-02   1.4266321e-01  -1.1755190e-01   2.0224110e-04  -5.0405966e-03  -1.4905539e-03
   7.3382611e-02   1.2927851e-01  -1.6528734e-01   9.8289852e-05  -5.5451125e-03  -1.5744806e-03
   8.4862048e-02   1.0286949e-01  -1.7971271e-01   3.9141759e-04  -5.9551544e-03  -1.5561199e-03
   1.0671138e-01   1.4942710e-01  -1.8915299e-01   3.6620953e-04  -5.8227956e-03  -1.7577725e-03
   1.0847483e-01   8.6965374e-02  -2.2679461e-01   1.0189296e-03  -6.0324920e-03  -1.7671640e-03
   1.0209729e-01   1.5042040e-01  -2.4602323e-01   9.7994090e-04  -5.7202003e-03  -1.8716174e-03
   8.7125025e-02   6.4529885e-02  -3.4959195e-01   2.0197471e-03  -5.7417769e-03  -1.7122460e-03
   1.0760301e-01   9.2739822e-02  -3.0415707e-01   1.6885854e-03  -6.1407182e-03  -1.8274000e-03
   9.6997056e-02   8.7015088e-02  -3.7061463e-01   1.2254849e-03  -5.7085730e-03  -1.7593709e-03
   1.5279097e-02   1.6316703e-01  -2.7950133e-02  -5.1965299e-04  -3.7344790e-03  -3.9154052e-04
  -8.9711427e-03   1.2323808e-01  -2.1886770e-02   5.4029522e-04  -3.7469654e-03  -3.4458996e-05
  -1.1677289e-02   2.0266576e-01   2.0561506e-02   7.6936682e-04  -3.4331798e-03  -1.7861047e-04
   3.3179437e-03   2.3922285e-01   6.4979187e-02   1.6849849e-04  -3.6552147e-03  -7.4973929e-06
   3.4540769e-04   1.1054073e-01  -1.5020311e-02   8.8167468e-04  -4.1368015e-03   1.3614393e-05
   2.0034504e-02   1.7623181e-01  -4.3677081e-02   8.9994551e-04  -4.1724683e-03   6.7965951e-05
  -6.7569918e-03   1.4314528e-01  -2.7020291e-02   1.3418458e-03  -3.5055630e-03   2.2437196e-04
   4.9708386e-03   8.0929030e-02  -4.8932785e-02   1.4817692e-03  -4.2530285e-03   3.1891099e-04
   3.4927165e-03   1.3938135e-01  -4.2534111e-02   6.5798454e-04  -4.3506253e-03   2.9134995e-05
   1.5365042e-02   1.0546810e-01  -4.4888613e-02   1.2662008e-03  -4.4254974e-03  -1.7188343e-04
   3.7532657e-02   1.4170644e-01   8.8227379e-03   1.3644766e-03  -4.7295744e-03  -1.5214194e-04
   2.0734809e-02   1.6291163e-01  -5.9718131e-02   1.9034176e-03  -4.6900298e-03  -2.1890383e-04
   3.5753798e-02   1.4570043e-01  -5.7060290e-02   1.5046835e-03  -4.5835695e-03  -2.0680502e-04
   6.0225504e-02   1.4068963e-01  -9.0546658e-02   4.3801290e-04  -5.1539262e-03  -2.6389027e-04
   5.4764473e-02   1.4711770e-01  -1.0333318e-01  -2.9813559e-04  -4.8737959e-03  -4.8868480e-04
   1.9006785e-02   9.9039512e-02  -1.0698924e-01   2.2618547e-04  -4.9542061e-03  -7.9196125e-05
   1.5597476e-02   1.8341280e-01  -9.1731466e-02   3.1992348e-04  -4.9619046e-03  -3.5657668e-04
   2.4693539e-02   1.3659522e-01  -6.1718515e-02   6.8606247e-04  -4.9135596e-03  -1.5106829e-04
   3.2579364e-02   2.0583744e-01  -4.9092277e-02   4.1266804e-04  -4.7690907e-03  -3.3076498e-04
   2.6069502e-02   1.1656981e-01  -6.9168721e-02   9.3747331e-04  -4.6226637e-03  -1.1283034e-04
   2.8423930e-02   1.9898947e-01  -5.2633984e-02   5.1253419e-04  -4.6763358e-03   2.7012915e-05
   2.5412329e-02   1.4150115e-01  -5.8461684e-02   8.1177525e-04  -4.8328563e-03  -5.6431320e-05
   3.2378925e-02   1.9290841e-01  -5.2210375e-02   5.5645761e-04  -4.5387501e-03  -1.2301128e-04
   2.7430776e-02   1.1959830e-01  -9.1221713e-02   9.1052301e-04  -4.5525686e-03  -4.8819821e-05
   3.2081532e-02   1.1098980e-01  -7.9651040e-02   5.9179738e-04  -4.4037239e-03  -8.7440936e-05
   4.7390315e-02   1.4695248e-01  -8.2849044e-02   7.5617298e-04  -3.9450365e-03  -6.0176662e-05
   2.3124074e-02   1.1363510e-01  -6.7766773e-02   6.9163313e-04  -3.8815717e-03  -1.2097392e-05
   1.6836391e-02   1.2681204e-01  -9.3645651e-02   1.0745655e-03  -4.0026426e-03  -6.9271275e-05
   1.6852889e-02   1.2089865e-01  -7.5123368e-02   6.3187259e-04  -3.9127506e-03  -1.8973238e-04
  -3.2527934e-03   1.4010015e-01  -8.2550062e-02   8.5093769e-04  -3.7961095e-03  -6.1231205e-05
   1.4735137e-02   1.5318354e-01  -7.7740130e-02   5.8561732e-04  -3.8378725e-03  -1.0064861e-04
   5.2939591e-03   1.4229698e-01  -8.1874688e-02   9.1079945e-04  -3.9983872e-03   1.8335828e-05
   7.9283835e-03   1.1681268e-01  -9.2291926e-02   1.0379240e-03  -3.7363449e-03  -4.3481110e-05
  -8.9946769e-03   1.5444800e-01  -4.4419732e-02   2.0082316e-06  -3.5246787e-03  -1.7680399e-05
   2.3169234e-02   2.0306704e-01   8.1448307e-03  -8.6960447e-04  -3.7165308e-03   1.7771350e-06
  -4.5551537e-03   2.2064800e-01  -1.8503375e-02  -1.0066584e-03  -3.4851149e-03   1.8663722e-04
  -1.5388019e-03   1.7281683e-01  -8.1431677e-02  -3.4944055e-04  -3.6535164e-03   3.3733618e-04
  -1.0536797e-02   1.4983779e-01  -1.1069750e-01   2.8687580e-04  -3.3990025e-03   3.6891321e-04
  -1.4634058e-02   1.7760907e-01  -7.4762244e-02  -1.3801790e-04  -3.3854540e-03   2.7306630e-04
  -5.9606701e-03   1.3943046e-01  -9.2102274e-02  -2.5869915e-04  -3.7929320e-03   2.1486567e-04
  -4.4360801e-03   1.2970420e-01  -1.3280947e-01   1.3429018e-05  -3.3250368e-03   1.4626298e-04
  -1.5606307e-02   9.7008272e-02  -1.4584803e-01   1.8951078e-04  -3.4258008e-03   1.1737078e-05
  -1.8820639e-02   1.8293623e-01  -1.3405998e-01   2.8628418e-04  -3.2799090e-03   1.8438294e-04
  -2.3381248e-02   1.4733200e-01  -1.3593824e-01   6.0424891e-04  -3.3475142e-03   1.4453094e-04
   5.3014259e-03   2.0936534e-01  -1.2565061e-01   6.7618425e-04  -3.4505343e-03   1.4922419e-04
  -1.8526197e-02   1.2545900e-01  -1.6291108e-01   1.0355546e-03  -3.3475573e-03   1.6505941e-04
  -1.0369401e-02   1.7565636e-01  -1.7457595e-01   8.6621743e-04  -3.4199506e-03   2.2979235e-04
  -1.9472191e-02   1.0057555e-01  -1.9006396e-01   1.3428771e-03  -3.0181450e-03   3.9536178e-05
  -3.0736329e-03   1.7341806e-01  -1.7759162e-01   5.5155744e-04  -3.3440503e-03   4.0288011e-05
  -2.3711273e-02   1.0757272e-01  -1.9202132e-01   9.7480930e-04  -3.0639645e-03   3.1178758e-04
  -6.7340999e-03   1.9301396e-01  -1.4698774e-01   9.1607658e-04  -3.1312712e-03   3.4663827e-04
  -2.3917688e-02   1.2165772e-01  -1.9397177e-01   1.2347117e-03  -3.0795745e-03   3.2941296e-04
  -4.1955587e-05   1.8255976e-01  -5.7342961e-02   2.7522737e-04  -3.5141897e-03  -2.1460396e-04
  -1.7938693e-02   8.8455364e-02  -5.7718714e-02   1.1264401e-03  -3.9715611e-03   1.4578429e-04
   2.5563194e-03   1.7402662e-01  -1.0456628e-01   1.7105822e-03  -3.5163479e-03   3.9099209e-04
  -9.8568265e-03   1.3571492e-01  -7.4446918e-02   2.3890535e-03  -3.3331783e-03   5.5112389e-04
   8.2274382e-03   1.2373810e-01  -7.1438844e-02   1.7203699e-03  -3.2895072e-03   2.2462903e-04
  -2.4016682e-02   5.7659675e-02  -1.2825122e-01   2.1828859e-03  -3.1820599e-03   3.1088899e-04
   9.7530222e-03   1.4091049e-01  -8.6751939e-02   9.0074470e-04  -3.4058335e-03  -1.0996012e-05
  -1.1404726e-02   9.4758177e-02  -9.3288255e-02   1.2575876e-03  -3.4502123e-03   3.2107034e-05
