   1.4581318e-14   0.0000000e+00   0.0000000e+00   0.0000000e+00   0.0000000e+00  -3.4694470e-18
   4.1339499e-02   1.4884044e-01   4.8932820e-02  -3.6253783e-04   2.2662895e-04  -2.1179930e-04
   1.0433239e-02   6.4251172e-02   1.3258097e-02  -7.4890823e-05   2.2971467e-05  -1.6867397e-04
   3.4034981e-02   1.5588144e-01   1.4181594e-02   1.7990689e-04  -1.5171346e-04  -8.9520722e-05
   3.1685649e-02   5.8238116e-02  -1.3140487e-02   4.2998166e-04   4.1970186e-05  -6.5610109e-05
   1.8643130e-02   1.5547224e-01   3.5236758e-02  -2.0476473e-04   3.4697956e-04   1.6168830e-04
  -2.5634112e-03   1.1132305e-02  -3.2698882e-02  -1.7983344e-04  -1.8636940e-04  -6.1192726e-05
   4.3459027e-02   1.6924766e-01   3.5774636e-02  -5.3039850e-04   1.6583716e-04   1.3193754e-04
  -3.6408957e-03   1.4114828e-02   3.5855558e-03   3.9282384e-05   4.2576507e-04   1.2089228e-04
   1.0290223e-02   1.2888729e-01   3.4127385e-02  -4.2247906e-04   4.1780981e-04   3.1326484e-04
   9.6354289e-03   6.0525722e-02   4.2029532e-03   2.5881406e-04   4.9257585e-04   2.5918563e-04
   1.8550927e-03   1.3824319e-01   4.3183504e-02  -9.1635945e-05   3.8300974e-04   1.4117256e-04
   4.5797201e-03   6.6583789e-02   1.7529521e-02   6.1711316e-04   3.0501847e-04   1.4462946e-04
   1.0861326e-02   1.0657141e-01   3.9241678e-02  -1.7420080e-04   4.1899963e-04   4.5763030e-04
   3.3054971e-03   5.1347748e-02   5.0040379e-02   2.1106410e-04   5.8585318e-04   1.3495665e-04
  -1.0231944e-02   8.1535829e-02   4.3466081e-02  -2.5273415e-04   4.5100535e-04   2.1398835e-04
  -1.9178310e-03   7.5098805e-02   1.5214262e-02  -5.4166840e-05   6.5288589e-04   1.4463069e-04
   5.6688632e-03   5.7920257e-02   7.9412513e-03  -3.1533442e-04   4.9951811e-04   3.0290323e-04
   2.2628787e-02   1.0212184e-01   2.9720400e-02   3.5126489e-05   7.2787293e-04   2.5682455e-04
  -4.9119184e-04   5.1258834e-02  -1.5321468e-02   6.3898932e-05   3.4114501e-04   3.4722093e-04
   8.8517220e-03   1.6875836e-01   2.3467701e-02  -2.1984441e-04   7.5225598e-04   3.4154306e-04
  -2.4153422e-02   1.8628957e-02  -1.6187004e-02   5.8764259e-06   3.8161588e-04   4.9185817e-04
   1.1869859e-02   1.5549003e-01   2.5935296e-02  -7.1514286e-04   7.4792185e-04   4.5768695e-04
  -3.0989722e-02   3.0475406e-03  -2.2249783e-02   2.2722448e-04   7.7197174e-04   6.0726225e-04
   1.7261148e-03   1.0910523e-01  -5.1278607e-03  -7.7564294e-04   9.4322388e-04   5.8252592e-04
  -3.9745547e-02   3.4709352e-02  -9.1205003e-03  -2.3887457e-04   5.6395508e-04   3.1875762e-04
   2.7691021e-02   9.0658241e-02  -3.4991110e-02   5.7258791e-05   4.8462877e-04   1.5128052e-04
   6.3179944e-03   1.0554583e-01   2.1297940e-02   5.0573675e-04   4.4002037e-04   5.1733462e-05
  -5.6365812e-03   4.4316788e-02   5.5197456e-03   7.0113856e-04   2.1555200e-04   2.1776858e-04
   1.1171156e-02   7.5142318e-02  -2.3042399e-02  -2.8734800e-04   1.2703167e-04   5.5283780e-04
   2.6761289e-02   9.4593559e-02   2.8447636e-02  -1.6235192e-04   9.3485749e-05   2.9106931e-04
  -7.2811269e-03   9.1246172e-03  -5.7348932e-02  -2.6560985e-04  -1.4534266e-04   3.9908681e-04
   3.0431728e-02   1.2802572e-01   2.8310134e-02  -4.7974784e-04  -1.0844440e-04   4.1276302e-04
   3.2439692e-03   8.3940311e-04  -2.0868834e-02   4.7829968e-04  -8.1598847e-05   3.9902904e-04
   1.4436127e-02   1.3486174e-01   2.8037285e-02   1.3174667e-04  -2.4401203e-04   2.9791917e-04
   2.9172781e-02   6.8322732e-02  -1.3142174e-02   4.9716020e-04  -6.3988822e-05   3.6761891e-04
  -7.4130409e-03   9.4212875e-02  -3.1697829e-02  -5.0002023e-05  -2.9317742e-04   5.2434150e-04
   4.6809863e-02   1.2352272e-01   1.3746814e-02  -2.0560758e-04  -3.0342233e-04   3.5910842e-04
   1.7904960e-02   1.0537929e-03  -4.9673665e-02   2.6000412e-04   9.7551916e-05   6.0370262e-04
   1.3729948e-02   1.1452697e-01   6.0257752e-03  -7.9168551e-04   5.2520960e-06   5.5778561e-04
   2.7377255e-02   8.2857217e-03  -1.0479988e-02  -9.8240513e-05   7.4073685e-05   2.2862536e-04
   2.1238084e-02   6.4047480e-02  -6.1303081e-03  -3.8173179e-04  -3.4480382e-04   3.5189895e-04
   4.6599302e-02   7.9605260e-02   8.0904922e-03  -4.5479683e-04  -7.2124599e-04   8.9180915e-05
   1.6857046e-02   5.0345111e-02  -6.1203700e-02  -6.1601290e-04  -7.6190431e-04   3.4284146e-04
   6.6037420e-02   1.6863527e-01   1.9948742e-02  -1.0171929e-03  -9.9900753e-04   1.5286632e-04
   3.2859431e-02   4.3766483e-02  -3.9402165e-02  -4.2218233e-04  -1.0963858e-03   4.1882928e-05
   4.5557679e-02   1.4607601e-01   1.9717965e-02  -1.1081059e-03  -1.1037655e-03   8.8251682e-05
   3.6188852e-02   2.2950584e-02  -1.2153863e-03  -2.0079603e-04  -9.9643509e-04  -4.8091428e-05
   3.5530093e-02   7.6549091e-02  -4.6728653e-03  -1.2377906e-03  -1.2208999e-03   1.2107868e-04
   5.2514452e-02   9.5266067e-02   9.1517648e-03  -4.5027356e-04  -1.7076907e-03   7.1196956e-06
   4.9488336e-02   2.9364363e-02   1.3532383e-03  -1.3185203e-04  -1.7554278e-03   9.2436913e-05
   4.0271885e-02   1.4753500e-01   4.2119130e-02  -8.9713619e-04  -1.5319087e-03  -2.4937627e-05
  -2.4670865e-02   8.5088838e-03  -6.8368542e-02   1.0910670e-03   1.3994791e-03   3.5344124e-04
  -1.2207390e-02   1.4701081e-01  -3.2043188e-02   3.1597478e-04   1.3416515e-03   4.3152462e-04
  -1.6367172e-02   4.3197487e-02  -4.9101152e-02   7.4152569e-04   9.5527224e-04   3.3442828e-04
   4.2344796e-03   4.0269667e-02  -6.7696948e-02   4.4048605e-04   1.3152192e-03   4.8185294e-04
  -1.0239450e-02   5.7300650e-02  -1.9398798e-02   3.7652702e-04   1.2709332e-03   2.2378595e-04
   6.5014794e-03  -2.4033987e-02  -7.8102117e-02   5.4960048e-04   6.0252965e-04   1.7002119e-04
   1.4093764e-02   1.2708572e-01   1.4187156e-03   1.2377912e-05   6.2794568e-04   1.9316894e-04
  -1.1740559e-02   1.6002948e-02  -1.1138609e-01   7.3532299e-04   1.4082461e-04   1.8232929e-04
   2.7244703e-02   1.2144465e-01  -7.2950522e-02   4.1577906e-04   2.8749598e-04   4.6828052e-04
   2.1725651e-02   1.0275365e-01  -5.4307736e-02   7.7671979e-04   3.5260820e-04   3.5085875e-04
  -5.6306200e-03   1.0534628e-02  -9.6273314e-02   6.2834135e-04  -6.8739752e-05   4.2701883e-04
   4.4026399e-02   1.1052689e-01  -2.3593379e-02  -2.8926427e-04   1.8005867e-04   3.3457427e-04
   2.2814174e-02  -2.3897242e-02  -8.1153078e-02   7.6502000e-04   4.1923093e-05   1.8040203e-04
   2.5286026e-02   6.9272110e-02  -4.6485032e-02  -1.0783462e-04  -9.6607454e-05   3.1785091e-04
   3.1795949e-02   6.8725905e-02  -2.8463884e-02   6.5377076e-04  -1.9574513e-04   2.8741765e-04
   3.1908181e-04   4.5610731e-02  -8.1699263e-02   4.5341924e-04  -5.0156959e-04   3.8640064e-04
   3.1032148e-02   1.4969108e-01  -2.4244422e-02   2.1096654e-04  -3.0155538e-04   3.8899597e-04
   3.1769645e-03   3.8328252e-02  -1.0506420e-01   8.2955705e-04  -6.4449229e-04   3.7562975e-04
   4.1927546e-02   1.3231288e-01  -4.2554090e-02   8.0266645e-06  -1.5692615e-04   4.8066453e-04
  -8.6041705e-03  -5.7336026e-03  -7.7246536e-02   4.1720311e-04  -3.3233076e-04   4.5516906e-04
   2.1495394e-02   7.8576247e-02  -4.1330650e-02  -2.1949322e-04  -4.0196623e-04   5.8320213e-04
  -6.4480190e-03   3.9245599e-02  -1.0146715e-01   2.7340549e-04  -3.9494368e-04   5.8274118e-04
   5.0646121e-04   7.7925004e-02  -8.7857187e-02   2.8014425e-04  -4.0392266e-04   8.2401847e-04
   1.0002519e-02   1.2516204e-01  -7.7163034e-02   1.1203865e-04  -1.8930919e-04   5.6208316e-04
  -6.7735433e-03   1.1646894e-02  -1.2382093e-01   1.2105510e-03  -6.1871739e-04   6.2432705e-04
   3.5082549e-02   1.3220191e-01  -7.0852808e-02   2.7493421e-07  -5.1663887e-04   7.3141244e-04
  -7.2325709e-03   2.6947793e-02  -1.1160882e-01   5.4240940e-04  -4.8997353e-04   5.2960267e-04
   2.3341481e-02   4.7762063e-02  -7.9316731e-02  -8.7559341e-05  -6.8022498e-04   6.3127626e-04
   2.7220151e-02   8.6953372e-02  -6.9060480e-02  -2.2066369e-04  -5.7369389e-04   4.7037267e-04
   5.6422955e-03   1.3074616e-02  -1.2510123e-01  -2.0189690e-04  -7.8109986e-04   5.4449396e-04
   2.2999854e-02   1.4320823e-01  -3.9855596e-02  -8.3853787e-04  -3.6765691e-04   3.8787545e-04
   7.6459099e-03   3.5001882e-02  -1.2864097e-01  -3.1511273e-04  -6.5926260e-04   4.0302047e-04
   2.6868621e-02   1.3602926e-01  -9.0199853e-02  -7.2046555e-04  -4.8046272e-04   7.9945036e-04
   3.7702466e-02   1.3383371e-01  -1.2265302e-02  -6.5469566e-04  -8.2075064e-04   5.1196015e-04
   1.1698174e-02   3.7914577e-03  -1.0559241e-01  -2.1506038e-04  -9.5080493e-04   8.6984034e-04
   3.6227176e-02   1.3895288e-01  -8.5259416e-02  -1.1817561e-03  -9.5736116e-04   9.2464571e-04
   3.8555016e-02   6.3175499e-02  -5.5602499e-02  -8.3142739e-04  -9.9403437e-04   4.0511783e-04
   2.0113897e-02   3.9186945e-02  -1.1037239e-01  -7.7029828e-04  -1.4267113e-03   5.7254568e-04
   4.9037062e-02   1.3446060e-01  -3.4829312e-02  -9.3039820e-04  -1.3184779e-03   5.1015632e-04
   4.0257313e-02   3.5595589e-02  -1.3182543e-01  -1.0571380e-04  -1.5370692e-03   4.9137530e-04
   4.2381764e-02   1.5828132e-01  -6.4541928e-02  -8.0962578e-04  -1.3161275e-03   6.5628826e-04
   1.9978642e-02   6.3576792e-02  -9.6174306e-02  -2.1674379e-04  -1.5385337e-03   5.4066126e-04
   4.4035551e-02   6.2328975e-02  -1.3780004e-01  -1.0927914e-03  -1.6099918e-03   8.2792261e-04
   6.0507108e-02   9.6734280e-02  -4.6399072e-02  -1.4608171e-03  -1.4141476e-03   5.4019251e-04
   3.1710232e-02  -5.7642725e-05  -1.5258979e-01  -1.0839525e-03  -1.6101477e-03   4.9520016e-04
   5.7826368e-02   1.0087738e-01  -9.5986719e-02  -1.4420569e-03  -1.6045879e-03   8.1796424e-04
   3.8127808e-02   8.8164197e-02  -6.2237647e-02  -1.5561508e-03  -1.7319090e-03   5.3213647e-04
   1.0551365e-02   3.2804746e-02  -1.5723082e-01  -8.0567727e-04  -1.5113720e-03   7.6423238e-04
  -7.6041488e-03   1.4613759e-01   6.1160722e-02   3.5450648e-04   1.7400377e-03   4.2246617e-04
  -5.0352662e-02   4.3240635e-02   4.0761835e-02   5.9858447e-04   1.7317580e-03   2.2492799e-04
  -2.9334652e-02   2.4696365e-02   3.7278073e-02   6.8617049e-04   1.7116148e-03   5.2687967e-04
   1.3058044e-02   7.2116852e-02   8.9327737e-02  -3.4510569e-06   1.7118006e-03   3.8549281e-04
  -1.4318394e-02  -3.1609803e-02   3.2478101e-02   8.5516212e-04   1.7390780e-03   3.4788294e-04
  -1.7924184e-02   8.1617515e-02   3.9726963e-02   1.4797570e-04   1.6400301e-03   4.6391361e-04
  -5.9412385e-03   6.1285160e-02   6.6792652e-02   3.7367581e-04   1.8206460e-03   3.8355953e-04
  -3.2196985e-02   1.3811513e-02  -4.2967843e-02   9.5133885e-04   1.4812786e-03   5.3839044e-04
  -7.0112853e-03   1.4891194e-01   6.9500135e-02   4.7794218e-04   1.9389550e-03   5.6562252e-04
  -3.7311288e-02   2.8454617e-02   6.9546066e-03   1.1132281e-03   1.4086660e-03   4.8638490e-04
   2.1502433e-04   4.5833102e-02   2.8119134e-02   3.3073039e-04   1.7839548e-03   7.5866003e-04
  -4.5777611e-02   5.3001249e-02   4.4726082e-02  -3.5297178e-04   1.8909218e-03   8.2606588e-04
  -2.5570707e-02  -4.4091096e-03  -1.6864284e-02   1.6328323e-05   1.5226841e-03   7.1695525e-04
  -2.5150023e-02   9.9474503e-02   5.0491586e-02  -7.3874977e-04   1.9559451e-03   6.8371889e-04
  -5.2455746e-02   2.7429400e-02  -3.4777255e-03   1.7105680e-04   1.7750087e-03   6.9600719e-04
  -4.1225160e-02   7.4860088e-02  -2.5135582e-02   2.1961805e-04   1.1873393e-03   9.6179251e-04
  -1.4481654e-02   1.1865953e-01   3.7753951e-02  -2.1452655e-04   1.5039381e-03   9.4014086e-04
  -3.8103203e-02   5.2173933e-03  -2.9605182e-02   1.0603089e-03   1.0877327e-03   1.0346658e-03
   7.2475661e-04   8.2421839e-02   1.9301594e-02  -2.3745176e-04   1.2576865e-03   1.0840988e-03
  -2.2969943e-02  -3.5283929e-03   6.1426483e-03   6.0081212e-04   1.1020622e-03   7.8597902e-04
   2.2418744e-02   2.5262372e-02  -9.9609340e-03   1.5623344e-04   7.1725988e-04   7.9560976e-04
   2.2368249e-03   7.5937717e-02   4.0226847e-02  -2.7497347e-04   1.5607446e-03   6.9759541e-04
  -2.8713983e-02  -9.8699188e-04  -5.3932794e-02   6.8363700e-04   8.8769026e-04   6.3784002e-04
   9.1818937e-03   1.1381956e-01   2.7787965e-03  -6.0954005e-05   1.3146701e-03   9.5096163e-04
  -2.1321310e-02   9.9145438e-02  -5.2454026e-03   3.9705661e-04   1.1765493e-03   6.8838065e-04
  -1.4390786e-02   1.7209980e-02  -7.0156790e-02   7.2630357e-04   1.0807872e-03   8.6338803e-04
  -5.1050593e-03   8.6660154e-02  -1.8918604e-02  -3.1812125e-04   8.3971282e-04   9.3414826e-04
   1.2305072e-02   4.0054931e-02  -6.4567997e-03  -1.5863810e-04   8.4918043e-04   5.5229970e-04
  -2.2194493e-02  -5.7989253e-03  -5.0243759e-02   7.8036001e-04   3.8717319e-04   4.9694659e-04
   2.8086209e-02   9.2169727e-02   2.6377201e-02  -7.5423079e-04   3.7583825e-04   5.1463636e-04
  -1.0575886e-02   3.4457707e-02  -8.6246942e-03  -3.9388525e-04   5.0713484e-04   4.3256502e-04
   1.1058620e-03   4.9553538e-02  -7.2913378e-02   1.6738414e-04  -1.7564324e-04   7.2433481e-04
   3.2154263e-02   1.1753375e-01   7.4174113e-03  -5.4242530e-04   2.1559269e-04   7.3646727e-04
  -1.1195026e-02   2.9299360e-02  -1.0415871e-01   6.9010687e-04  -3.0928220e-04   7.2087492e-04
   2.8047684e-02   9.5306310e-02  -4.8510749e-02  -4.4698020e-04   1.0027822e-05   9.7349296e-04
   1.2405536e-03   4.6041175e-02  -1.1965770e-02  -4.2668700e-04   3.7779062e-04   8.0721904e-04
  -8.1192697e-03  -4.8966582e-03  -8.5075343e-02   2.6223691e-05   8.4344032e-05   9.1929211e-04
   9.9469149e-03   9.1165602e-02   7.1967228e-03  -6.5514999e-04   3.7890566e-04   7.6183613e-04
  -1.6117522e-02   5.3957817e-02  -1.6389168e-02   8.7918629e-05   1.6430853e-04   6.7244419e-04
  -6.8175340e-03   1.4611483e-02  -8.4851776e-02   8.2105373e-04  -2.6510473e-04   1.0684655e-03
   1.5216712e-02   1.5637067e-01  -2.2669807e-03  -5.5784251e-04   1.8185591e-04   1.1416368e-03
  -2.4029843e-02   4.0514038e-02  -3.5545505e-02   6.2990253e-04  -5.9175350e-05   9.0739541e-04
  -6.6556029e-03   8.8378158e-02  -7.1778872e-02  -3.0040619e-04  -3.2291083e-04   9.5760714e-04
   3.2683320e-02   7.9142753e-02  -2.5588876e-03   3.8456705e-05  -3.5242205e-04   1.0742354e-03
  -5.0930381e-03  -1.6995093e-02  -9.3759854e-02   3.0217796e-04  -7.3997732e-04   9.4313980e-04
   3.0106262e-02   8.4453426e-02  -7.6020041e-03  -5.3531753e-04  -3.4770736e-04   9.1887741e-04
   8.1163359e-03   6.4265291e-02  -1.6654332e-02  -2.8427958e-04  -6.5117685e-04   6.6924103e-04
  -7.3764888e-04   2.6365547e-02  -9.0690953e-02   1.8635085e-04  -6.6615555e-04   8.1971420e-04
   4.0394614e-02   1.0903356e-01   1.4366310e-02  -1.4618128e-04  -5.5903441e-04   9.5055444e-04
   6.5603119e-03   2.6497274e-02  -4.5584401e-02   4.8070016e-04  -7.9860968e-04   8.5736446e-04
   1.2332877e-02   3.3200821e-02  -7.4318767e-02   1.7650088e-04  -7.5732048e-04   9.7433333e-04
   4.5282299e-02   8.8043271e-02   2.0253551e-02  -9.7513995e-05  -3.7288357e-04   9.2875991e-04
  -4.9108306e-03  -1.2576048e-02  -6.2341616e-02  -5.6311152e-05  -6.7044257e-04   6.8394892e-04
   1.4488388e-02   3.2420367e-02  -8.2335981e-02   3.5702455e-04  -7.7323637e-04   7.4166567e-04
   2.3792883e-02   9.5473950e-02   4.8604585e-03  -4.0824310e-04  -7.3873709e-04   7.1389463e-04
   1.2010740e-02   2.7440385e-02  -9.0875432e-02   3.9353539e-04  -7.2010821e-04   7.1315462e-04
   2.0212766e-02   9.8772900e-02  -5.1292419e-02   8.0008566e-05  -8.4524407e-04   8.7018799e-04
   2.4520775e-02   1.2622768e-01  -3.0744294e-02  -2.5266023e-04  -6.2986743e-04   8.4072180e-04
   2.4432089e-02  -2.5885820e-02  -9.3913728e-02   3.4596718e-04  -8.6484389e-04   8.3615188e-04
   4.0183917e-02   5.9949379e-02  -1.7095926e-02  -4.8118605e-04  -7.3688542e-04   8.7482962e-04
   2.2097394e-02   2.8009056e-02  -2.1909399e-02  -4.9293445e-04  -7.8544120e-04   5.3731172e-04
   2.1382427e-02   5.1213382e-03  -6.9492802e-02   8.0864260e-05  -9.6104169e-04   5.3639511e-04
   3.0612014e-02   1.0798524e-01  -1.3876642e-02  -8.4264154e-04  -1.1702649e-03   6.8750104e-04
   2.0797450e-02   2.6192116e-02  -8.8244181e-02  -5.3924550e-05  -1.0903095e-03   6.8331802e-04
  -1.5804243e-02   6.8070089e-02   2.7847267e-02  -1.1452209e-03   2.1326942e-03   2.9839915e-04
  -2.5881567e-02   1.1053247e-01   3.1782975e-02  -1.5772119e-03   2.1878276e-03   2.3414995e-04
  -3.1519400e-02   2.4360912e-02  -2.9310879e-02  -4.9604632e-04   1.8745937e-03   3.1606128e-04
  -3.0425718e-02   1.2178767e-01   3.0975359e-02  -1.7432610e-03   2.0755848e-03   4.3338216e-04
  -2.9109692e-02   3.0093794e-02  -1.1245368e-02  -9.2870394e-04   2.0564309e-03   3.4055066e-04
  -4.7088312e-02   4.8079032e-02  -5.9168295e-02  -2.8699920e-04   2.0350215e-03   3.4513884e-04
  -9.9399046e-03   1.2112631e-01   4.4343165e-02  -1.5613926e-03   1.9382899e-03   1.2420521e-04
  -3.2442462e-03   5.5890950e-02   4.5533586e-02  -9.8705352e-04   2.4871052e-03  -1.3685408e-05
  -4.8596095e-02   1.8662045e-02  -8.8196540e-02  -1.1132235e-04   2.3849236e-03   5.2337088e-04
  -1.9727089e-02   1.4608867e-01  -1.9926047e-02  -9.8338563e-04   1.9310053e-03   5.5706885e-04
  -1.1542206e-03   9.5174313e-02   7.8393583e-02  -9.2689020e-04   2.3372226e-03   3.5176504e-04
  -3.5867022e-02   3.6265364e-02   9.6323620e-03  -4.9400311e-04   2.4510279e-03   2.5294959e-04
  -3.5992650e-02  -5.1427701e-03  -5.4440424e-02  -3.0609966e-04   2.5006885e-03   4.0776781e-04
  -5.0059846e-02   1.1322608e-01   4.2787768e-02  -1.3032428e-03   2.3336606e-03   2.3600641e-04
  -2.2305052e-02   5.9558361e-02   4.7686098e-02  -6.2926232e-04   2.2346795e-03   8.8612528e-05
  -5.0818333e-02   2.1358121e-02  -4.6334307e-02   2.2448130e-04   1.8307888e-03   3.4040862e-04
  -1.9839367e-02   1.3890908e-01   3.2637000e-03  -1.0776570e-03   1.4075216e-03   1.9736181e-04
  -1.5305457e-02   6.1875144e-02   3.4238446e-02  -6.3498868e-04   1.7219695e-03   8.1503928e-05
  -4.0156931e-02   2.4099352e-02  -4.2967754e-02   1.3556685e-04   1.5907354e-03   2.6245685e-04
  -1.1658904e-03   7.8324256e-02   4.2458584e-02  -1.2481823e-03   1.4367290e-03   7.6404814e-05
  -4.7664837e-03  -1.9004015e-03  -7.5424674e-03  -1.1584429e-03   1.9773633e-03  -1.1561130e-04
  -1.1335258e-02   4.0838977e-02  -6.6725821e-02  -7.4838156e-04   1.7635250e-03   1.5105510e-04
  -2.2222207e-02   1.1496941e-01   1.1788516e-02  -1.3967139e-03   1.4453552e-03   6.0261732e-06
  -3.3168530e-03   4.2161584e-02  -2.6226139e-02  -8.8222271e-04   1.4986984e-03   5.0076749e-06
  -2.7803945e-02   8.0333078e-02  -1.0876398e-01  -6.3621498e-04   1.0692380e-03   2.5068587e-04
   1.4640580e-02   1.5537318e-01   3.1003063e-03  -1.5600134e-03   1.3667174e-03   2.6303524e-04
  -2.3776527e-02   3.1657682e-02  -4.8828408e-02  -8.7656767e-04   1.3057687e-03   2.0927674e-04
  -5.6790418e-03   4.4881762e-02  -8.1413787e-02  -1.1956712e-03   1.0047423e-03   2.0107589e-04
  -5.6598784e-03   1.0104562e-01   2.7388502e-03  -1.7296019e-03   1.7509246e-03   1.7981539e-04
  -4.0452867e-02   1.6003796e-02  -9.6805542e-02  -1.0493597e-03   1.4106869e-03   6.2985897e-06
  -1.2768320e-02   8.9098340e-02  -4.4634067e-02  -1.4237754e-03   1.2645665e-03   2.0379950e-04
   5.5899064e-03   7.9940976e-02   7.4000700e-03  -1.4436577e-03   1.2529780e-03  -1.4136035e-05
  -1.2986943e-02   1.4525939e-02  -1.3270901e-01  -8.0273031e-04   1.4139243e-03   1.2204451e-04
   6.9237651e-03   1.1203676e-01  -5.5909457e-02  -1.1435524e-03   1.2828370e-03   1.0816468e-04
   2.0275861e-02   7.0265277e-02  -1.3079458e-02  -1.1464896e-03   1.8143885e-03   7.6828539e-05
  -3.6562797e-02  -4.1373236e-03  -1.1190871e-01  -7.4245147e-04   2.0336453e-03   1.2109261e-04
  -8.3963239e-03   9.9697545e-02  -7.2358770e-02  -1.5674928e-03   1.4104401e-03   2.7645950e-04
   2.1946702e-02   7.7308509e-02   6.7935641e-03  -2.3334791e-03   2.0347222e-03  -1.0950283e-04
  -1.8219026e-02   3.9523468e-02  -8.3723665e-02  -7.9723599e-04   2.4606621e-03   1.3705412e-04
  -3.5835915e-02   1.1868342e-01  -3.6714064e-02  -1.8060527e-03   1.9444799e-03   2.1462646e-04
  -1.1928548e-02   1.0491820e-01   5.1722905e-03  -1.6588252e-03   1.7466882e-03  -5.6567183e-06
  -1.2874729e-02   4.5396415e-02  -7.6844742e-02  -7.5351383e-04   2.0509190e-03   1.9683949e-04
  -1.3873249e-02   1.3276309e-01  -2.0946905e-02  -1.9780322e-03   1.6766865e-03   1.4109067e-04
  -8.4617424e-03   6.6581505e-03  -6.2298429e-02  -1.1478870e-03   2.2216541e-03   7.8743904e-05
  -1.8029776e-02   2.1989205e-02  -1.1985524e-01  -1.4525147e-03   2.0128871e-03   3.2974799e-04
  -2.9802284e-02   1.5101052e-01  -1.7233828e-02  -2.4919557e-03   2.0151203e-03   8.4482589e-05
  -2.5690016e-02   2.6864287e-02  -5.4743703e-02  -1.0300160e-03   1.8477078e-03   1.1673285e-04
  -3.6112175e-02   8.2526260e-02  -7.6385214e-02  -1.1082881e-03   1.7090835e-03   2.4507096e-04
  -2.2738628e-02   1.1804013e-01  -1.8022842e-02  -1.9423259e-03   1.7879194e-03   9.3079981e-06
  -3.0240051e-02   3.8699911e-02  -9.7526262e-02  -1.2173489e-03   1.7278722e-03   1.8056541e-04
  -1.4217826e-02   1.2491226e-01  -5.1228751e-02  -1.9978950e-03   1.6035284e-03   3.0454270e-04
  -1.8336756e-02   3.8038080e-02  -1.0007972e-01  -1.4929338e-03   1.6321846e-03   2.5859789e-04
  -1.3651998e-02   3.6436208e-02  -8.2917187e-02  -1.7752898e-03   1.6320040e-03   3.1736723e-04
  -1.1933876e-02   1.0334031e-01   9.7886573e-03  -2.1341051e-03   1.8644110e-03   1.7404555e-04
  -2.2992459e-02   1.1874079e-02  -9.7823501e-02  -1.0396566e-03   1.6812513e-03   1.4980387e-04
  -1.9668897e-02   1.3276659e-01  -6.1246234e-03  -1.9383900e-03   1.7286331e-03   3.8333702e-04
  -3.2493066e-02   4.1780279e-02  -3.5113884e-02  -1.0328535e-03   1.6960656e-03   2.0246482e-04
  -1.1447254e-02   5.0643145e-02  -8.7942289e-02  -1.4077940e-03   1.4330440e-03   1.6616209e-04
  -2.5832811e-03   1.0341264e-01   6.2869925e-03  -1.7358007e-03   1.6220138e-03   2.9007800e-04
  -1.0649474e-03  -7.1487958e-02  -5.9235796e-03   2.1282971e-03  -5.2103584e-05   6.3461064e-04
   1.5592166e-02   8.2602183e-02  -3.2765713e-03  -2.5929398e-03   1.2408132e-03   9.9198804e-04
  -1.4743079e-02   5.7916650e-02   5.0207189e-02  -2.5367704e-03   1.3750066e-03   8.8766433e-04
  -2.4672153e-02   5.4958373e-02  -1.5257371e-02  -1.2171304e-03   8.7962410e-04   7.8429909e-04
  -1.0559108e-02   1.2713444e-01   2.2730390e-02  -1.9416906e-03   9.7246434e-04   9.1554991e-04
  -7.2910110e-03   2.2229623e-02  -5.7372391e-02   1.5461233e-03   2.8292357e-04   4.8310526e-04
  -1.2153667e-02   3.8196065e-02  -1.0003641e-01   2.0286026e-03   8.6955533e-05   5.7139438e-04
   1.1297263e-02   8.2844982e-02  -5.2366066e-02   3.1929385e-04   4.1934119e-04   4.3859685e-04
  -2.5268365e-03  -4.3817169e-02  -8.0086770e-02   1.5066611e-03   3.5111646e-04   4.4376233e-04
  -3.2346892e-03  -2.3662920e-02  -1.0891102e-01   1.6552574e-03   4.2708354e-04   5.8407967e-04
   1.7186921e-03   2.7398943e-02  -6.2285715e-02   4.8501639e-04   5.0041272e-04   2.0500710e-04
   1.2943275e-03   2.5843474e-02  -3.2948979e-02   5.3361600e-04   7.6093411e-04   3.7517340e-04
  -1.9246970e-02   2.8747682e-03  -1.3040594e-01   1.7431725e-03   2.2699173e-04   5.7759391e-04
   1.4101918e-02   8.9590410e-02  -1.0029209e-01   7.6066474e-04   2.2008157e-04   8.5249154e-04
   5.3451806e-03   3.1923845e-02  -8.4492104e-02   1.3296977e-03   2.5704859e-04   7.1563713e-04
  -2.3837626e-03  -2.4175873e-02  -1.0914518e-01   1.5260046e-03   1.8978940e-04   4.2982063e-04
   1.9867376e-02   4.9755974e-02  -3.8545174e-02   8.7830536e-04   4.6229468e-04   3.4936749e-04
   4.5143672e-03  -1.5376577e-02  -8.1025733e-02   1.1389982e-03   7.1330821e-04   2.4818981e-04
  -2.5264570e-02   1.2305084e-03  -1.2189721e-01   1.2569781e-03   5.4320815e-04   3.3143060e-04
   1.6458865e-02   6.2012647e-02  -5.2887109e-02   3.8705379e-04   5.8997555e-04   5.1805832e-04
  -1.1056928e-03  -1.5268420e-02  -1.1689426e-01   1.1444563e-03   6.8713178e-04   4.7265587e-04
   1.4469624e-02   3.5530548e-02  -1.4873648e-01   1.4986375e-03   5.9606316e-04   7.5154205e-04
   1.6411149e-02   1.0816122e-01  -6.8645463e-02   7.5693700e-04   5.6057056e-04   4.8902549e-04
   2.1877168e-02  -3.1162090e-02  -1.4031531e-01   1.0642331e-03   4.7124739e-04   3.0368584e-04
  -1.8124184e-03  -9.6926458e-04  -1.5577438e-01   1.1882553e-03   6.4094646e-04   6.9496679e-04
  -1.6330115e-03   7.1115011e-02  -7.9631426e-02   4.4444561e-04   5.4560251e-04   4.9071955e-04
   1.0053159e-02  -1.0288127e-02  -1.3955105e-01   1.1382682e-03   6.2139685e-04   3.0256143e-04
  -1.0658026e-02   3.7524048e-02  -1.6780505e-01   1.4023139e-03   2.8856776e-04   5.5753126e-04
   2.8241916e-02   9.1950643e-02  -8.0657958e-02   1.8528471e-04   5.5279599e-04   4.2617174e-04
   2.7560742e-03  -4.2846036e-03  -1.3040970e-01   9.5623240e-04   2.2047639e-04   3.3380017e-04
   2.8975910e-02   4.0462361e-03  -2.0333224e-01   8.9074425e-04  -1.2092342e-04   6.7671641e-04
   3.1264816e-02   5.9831055e-02  -1.0000961e-01  -8.5682835e-05   2.8448834e-04   5.6585220e-04
   2.6403776e-02  -5.3900954e-02  -1.2855919e-01   6.6929127e-04   4.1406865e-04   4.6176488e-04
   1.1166437e-02  -1.2411107e-02  -2.0282378e-01   7.0453327e-04   2.2419386e-04   5.7640650e-04
   2.2875020e-02   5.1728180e-02  -7.8696143e-02  -2.3051991e-04   4.4998346e-04   5.5171026e-04
  -1.1944032e-02  -1.8236983e-02  -1.3976822e-01   8.7451600e-04   3.1406534e-04   4.1474613e-04
   7.5791821e-03   4.8203428e-02  -1.6664999e-01   3.0377145e-04   2.4633081e-04   5.7535157e-04
   4.9587959e-03   1.0892663e-01  -9.3072635e-02   2.8651005e-04   1.6948100e-04   4.2165165e-04
  -1.5458960e-02  -6.9170087e-03  -1.8286345e-01   8.3875492e-04   1.8534917e-05   4.9576383e-04
   9.6930121e-03   2.5383551e-02  -2.0383446e-01   6.5893443e-04   3.8910581e-05   5.7488285e-04
   1.4812923e-02  -2.5408096e-03  -2.2481922e-01   4.9471375e-04  -1.2944062e-04   3.3889652e-04
   5.3752195e-02   9.8191752e-02  -1.2665796e-01  -3.2524838e-04   5.5028539e-04   3.1168559e-04
  -2.1370787e-02  -4.1115226e-02  -2.1579638e-01   6.7236803e-04   5.4941484e-04   1.5885208e-04
  -7.2204888e-03   6.5357915e-02  -1.9116619e-01   4.4176876e-04   6.1852862e-05   2.2727459e-04
   2.4298232e-02   5.1883658e-02  -1.2970604e-01   6.3086427e-04  -5.6243789e-05   1.0545625e-04
   8.7323316e-03  -2.0576417e-02  -2.1709779e-01   1.1617076e-03  -8.1921573e-05   4.3683939e-04
   2.0168847e-02   1.5072761e-01  -1.5078551e-01  -1.4544232e-04  -1.2069974e-04   5.4746308e-04
   7.8089791e-03  -3.2854754e-03  -1.8957394e-01   5.6608200e-04  -6.7915605e-04   2.0931506e-04
   2.3941289e-02   4.6292226e-02  -1.6359837e-01   2.1475412e-04  -5.3741847e-04   3.6578214e-04
   8.2392081e-03   4.4990606e-02  -1.2687254e-01  -6.4723229e-04  -2.9498983e-04   6.2851240e-05
   8.8766692e-03  -3.0809860e-02  -2.0321632e-01   7.6259725e-05  -5.9575109e-04  -1.8253753e-05
   4.0479423e-02   1.1598857e-01  -1.1724269e-01  -9.4117961e-04  -3.1068089e-04   2.9615767e-04
   1.1433667e-02   2.2404101e-02  -1.8561001e-01  -2.7406603e-05  -5.3758918e-04   2.7634020e-04
   3.3536253e-02   6.2125812e-02  -1.7689242e-01  -3.2019767e-05  -4.2572395e-04   4.8558523e-04
   1.8325010e-02   5.3736536e-02  -1.1410347e-01  -5.0977029e-04  -2.9299746e-04   4.0085892e-04
   1.0950584e-02  -3.3263343e-02  -2.1801808e-01   1.0428408e-04  -6.6263601e-04   3.8460128e-04
   3.4291566e-02   6.0761273e-02  -1.1844531e-01  -1.1172037e-03  -1.3826856e-04   6.2883026e-04
  -1.0980103e-03  -6.8989739e-02  -1.9059844e-01  -2.2760004e-06  -4.0459770e-04   6.3111232e-04
   2.3042309e-02   4.0464813e-02  -1.7248201e-01  -7.5108014e-04  -2.1636937e-04   7.7845011e-04
   3.0031846e-02   5.8654767e-02  -1.1359679e-01  -1.3776953e-03  -3.1305307e-04   7.3575198e-04
   5.5394371e-03  -1.6678316e-02  -2.0339699e-01   3.8481161e-05  -9.0583288e-04   8.0195169e-04
   3.9951996e-02   1.2129562e-01  -1.3893653e-01  -1.1627823e-03  -3.1073623e-04   9.6079262e-04
   1.7183863e-02   5.8641124e-02  -1.8418317e-01  -2.6688407e-04  -6.6596205e-04   9.4610470e-04
   1.1317003e-02   4.1112099e-02  -1.7877501e-01  -5.8355511e-04  -5.5884381e-04   9.3237782e-04
   5.1572503e-03   5.6844700e-02  -1.1596263e-01  -1.1345575e-03   2.9986911e-07   9.3579318e-04
   7.0027357e-03   2.7617616e-03  -1.6924913e-01  -2.6796480e-04  -3.1716184e-04   8.6362577e-04
   5.3232130e-03   9.6937671e-02  -1.1500692e-01  -1.8102599e-03   3.5508206e-04   8.9489920e-04
  -2.2355647e-02   2.3968258e-02  -1.6670332e-01  -8.7578594e-04   2.0351840e-04   8.7191910e-04
  -9.7357760e-03   6.0094007e-02  -2.0516491e-01  -1.5335536e-04  -1.0835389e-04   1.0961392e-03
  -1.4706187e-02   1.2816503e-01  -1.2256508e-01  -6.6464920e-04   1.6009575e-04   1.2755400e-03
  -2.7448733e-03   2.7543135e-02  -1.6295328e-01  -7.2215429e-05   4.6826046e-04   1.2536542e-03
  -1.7652834e-02   3.3263729e-02  -2.1835186e-01  -5.0793356e-04  -6.5295545e-05   1.1186289e-03
   2.3473914e-02   6.8007277e-02  -1.3226895e-01  -1.4093328e-03   7.6750118e-05   1.0660722e-03
   1.6492998e-03  -1.8403933e-02  -1.8951514e-01  -2.5670445e-05  -1.2670577e-04   8.9492680e-04
  -2.0485597e-03   7.1787306e-02  -1.9271033e-01  -1.2369733e-03  -2.1668006e-04   9.8799208e-04
   5.2219373e-03   7.4559203e-02  -1.2735320e-01  -1.4275363e-03   6.2204620e-05   8.8606164e-04
  -1.1003509e-02   2.7940636e-03  -2.2058543e-01  -3.7096101e-04  -5.3704287e-04   8.7429796e-04
   4.4409120e-02   5.5187764e-02  -2.5192806e-01  -5.5736932e-04  -3.0948651e-04   9.3002891e-04
   1.1215575e-02   4.2223361e-02  -2.0553485e-01  -1.0268177e-03  -1.0401363e-04   1.0085022e-03
  -2.7677834e-03   6.5806826e-02  -1.8160186e-01  -1.3999911e-03  -2.9939157e-04   1.0298032e-03
  -8.4118281e-03  -2.2279792e-02  -2.5970803e-01  -8.3341086e-05  -6.0945242e-04   8.7846162e-04
   2.3977886e-02   8.6544316e-02  -1.6717373e-01  -1.8172245e-03  -4.3291640e-04   9.0481682e-04
  -6.9272879e-03   3.8272382e-03  -1.8917370e-01  -8.6231157e-04  -5.0889584e-04   7.3694666e-04
   7.1575992e-03   3.9257304e-02  -2.5272366e-01  -6.6650675e-04  -9.1607251e-04   9.1311439e-04
   2.0095171e-02   1.0996792e-01  -1.7388140e-01  -1.4313228e-03  -4.4361628e-04   1.0734925e-03
   7.7252682e-03   8.5306136e-03  -2.4423726e-01  -9.0371579e-05  -8.1573503e-04   1.0684483e-03
   2.3742921e-02   1.1320927e-01  -1.6603981e-01  -1.4505031e-03  -4.1849040e-04   9.8858690e-04
  -1.8221818e-02   3.7138704e-02  -1.8573495e-01  -6.8600120e-04  -1.1202041e-04   1.0089903e-03
   1.3861681e-02   5.0357095e-02  -2.2281299e-01  -7.9894411e-04  -4.7200223e-04   1.0259191e-03
   2.0823464e-02   7.4183293e-02  -1.7210739e-01  -2.0104594e-03  -2.6917148e-04   9.7089584e-04
   3.7894362e-04  -3.4690204e-02  -2.6409759e-01  -6.2293630e-04  -3.7136744e-04   8.5773835e-04
   4.4307254e-02   9.6274897e-02  -2.1202190e-01  -1.3008148e-03  -4.2328121e-04   9.5311298e-04
   2.0326780e-02   7.0463307e-02  -2.2569355e-01  -1.5589638e-03  -3.3009924e-04   9.0316747e-04
  -4.9618130e-03   3.9007635e-02  -3.1391265e-01  -7.6790569e-04  -4.3296944e-04   9.4373229e-04
   2.3309162e-02   1.3171759e-01  -1.9660966e-01  -1.6004372e-03  -4.4986610e-04   1.1158190e-03
  -3.9343224e-04   1.8761718e-02  -2.5317927e-01  -1.0687530e-03  -5.7296870e-04   9.4048570e-04
   2.7004400e-02   2.2396315e-02  -3.0550764e-01  -1.1233459e-03  -7.0993341e-04   9.3905068e-04
   2.5166047e-02   7.3747595e-02  -1.7453982e-01  -1.9705387e-03  -4.0734877e-05   9.6783017e-04
   1.0039175e-03  -2.0755926e-02  -2.2234973e-01  -8.3850282e-04  -4.5051430e-04   8.8621073e-04
   1.3694457e-02   6.0930925e-02  -2.5521401e-01  -1.6829228e-03  -3.5837366e-04   1.0166683e-03
   1.8714892e-02   1.0084680e-01  -2.3541867e-01  -2.2390610e-03  -9.7078537e-05   9.8190997e-04
