   1.4532830e-14   0.0000000e+00   0.0000000e+00  -3.3409559e-52   1.9259299e-34   0.0000000e+00
   1.5799576e-02  -1.1004277e-01  -3.5358210e-02   1.1172360e-03  -4.6571814e-04   1.0563340e-04
   4.2554905e-02  -2.1038710e-02  -5.1527667e-02   7.6034834e-04  -3.6341221e-04   3.6959537e-04
   3.7651627e-02  -6.9563934e-03   3.1135406e-02   4.6064835e-04  -3.5912914e-04   1.8191360e-04
   2.0662563e-02  -1.2933271e-01  -7.6289587e-02   1.4692414e-03  -5.2914386e-04   3.8215051e-04
   2.5255824e-02   1.1715402e-02  -4.6231730e-02   8.1871506e-04  -4.6187593e-04   5.8694689e-04
   5.6947378e-02  -5.2705339e-02   1.2142991e-02   9.3530078e-04  -4.7671132e-04   2.6586833e-04
   2.0876990e-02  -1.0087118e-01  -6.8037856e-02   1.6260710e-03  -9.8198415e-04   3.7148607e-04
   5.5502155e-02   6.5750465e-03  -6.5054933e-03   5.1101942e-04  -8.5758823e-04   2.5610044e-04
   4.0612468e-02  -1.0276422e-01  -3.8193464e-02   1.0136590e-03  -1.0252105e-03   1.2525671e-04
   2.3656951e-02  -5.0619597e-02  -6.6352652e-02   1.4142493e-03  -9.9603907e-04   4.8884463e-04
   4.3213042e-02   3.2279308e-03   6.2081863e-02   1.1126130e-03  -1.2841260e-03   1.4294922e-04
   3.8672532e-02  -1.2458806e-01  -7.6740960e-03   2.5317432e-03  -1.2029032e-03   8.7318283e-05
   3.2820503e-02  -4.3290641e-02  -6.5886815e-02   1.9246285e-03  -1.4162437e-03   4.6274380e-04
   7.1797688e-02  -2.5071467e-02   2.4778202e-02   1.5336392e-03  -1.1330365e-03   3.0832207e-04
   4.2812039e-02  -1.5851069e-01  -4.3763789e-02   2.3111404e-03  -1.4247880e-03   1.9869996e-04
   6.3259838e-02  -3.4770785e-02  -3.1299129e-02   1.3989198e-03  -1.4569088e-03   1.3342035e-04
   6.5221819e-02  -6.1654314e-02   5.3213498e-02   1.1636432e-03  -1.5844415e-03  -1.3051468e-04
   6.8658650e-02  -1.5035383e-01  -1.4394674e-02   2.3140297e-03  -1.4701245e-03  -1.9878721e-04
   1.2484222e-02   2.2237405e-02  -5.6913581e-02   4.4206209e-04   1.2408806e-03  -6.4647160e-04
   1.1219904e-02  -1.1481849e-02  -1.6764262e-02   2.4943729e-04   1.4443772e-03  -9.4646320e-04
   8.3843701e-03  -8.2216321e-02  -6.8742137e-02   1.1047940e-03   1.1635513e-03  -9.8094937e-04
   2.4331297e-02   1.4645521e-02  -2.4131881e-02  -3.2688409e-04   2.0925118e-03  -5.1632839e-04
   4.1502087e-03  -1.2125805e-01  -5.8157113e-02   5.7376892e-04   1.6112821e-03  -8.8866341e-04
  -3.6275941e-03  -6.5742567e-02  -7.0037935e-02   9.3113166e-04  -7.1734205e-04  -1.4102172e-03
   6.1286787e-02  -1.9266473e-02   1.6763602e-02   1.7916431e-04   2.9943905e-06  -1.4477420e-03
   2.3295708e-02  -1.0776563e-01  -4.7508859e-02   8.7127840e-04  -1.7341237e-04  -1.5312483e-03
   5.2227517e-02  -3.7781999e-02  -1.0952117e-01   1.3792674e-03   1.5361071e-04  -1.0999193e-03
   5.7864253e-02   1.9747296e-03  -7.5100421e-02   9.8108205e-04   3.1866257e-04  -1.0813528e-03
   4.8450478e-02  -1.4344096e-02  -2.9671805e-02   6.3291585e-04   4.6386769e-04  -1.0882651e-03
   2.3828173e-02  -1.1000276e-01  -1.0486531e-01   1.1961243e-03   1.4533009e-04  -1.3214289e-03
   6.8582895e-02  -8.5406137e-03  -4.6458764e-02   2.7114970e-04   1.0973707e-04  -1.2912138e-03
   4.5502945e-02  -8.2074920e-02  -2.1063039e-02   6.3565361e-04   1.2448489e-04  -1.6955104e-03
   5.4230302e-02  -1.1422301e-01  -6.4488975e-02   1.5290290e-03  -1.8460581e-04  -1.4168368e-03
   7.6915850e-02  -6.3297780e-03  -1.7400391e-02   6.3802579e-04   3.3540457e-04  -1.2482364e-03
   4.7396311e-02  -8.9391862e-02  -3.7999065e-02   8.8046755e-04   8.1111543e-05  -1.3557820e-03
   6.8550355e-02  -7.6772644e-02  -7.0790706e-02   1.2326965e-03  -2.0529202e-04  -1.3773771e-03
   3.3153265e-02  -1.1524569e-02  -3.5565509e-02   4.2487200e-04   1.7010891e-04  -1.1016934e-03
   5.0246225e-02  -7.2492695e-02  -3.5110538e-02   1.0508635e-04  -5.4394683e-05  -1.2997009e-03
   6.3835669e-02  -1.3774486e-01  -8.2350957e-02   9.9778575e-04   3.6844964e-05  -1.2214246e-03
   6.4419759e-02  -2.1112396e-02  -2.5717695e-02   1.0005750e-04   2.1214505e-04  -1.1019510e-03
   5.7601126e-02  -8.6053069e-02  -2.1789998e-02   1.2109862e-04  -2.6542987e-06  -1.3357890e-03
   4.2508448e-02  -9.7440262e-02  -9.7906809e-02   8.9714434e-04  -3.1175771e-04  -1.3394617e-03
   7.3518328e-02   2.3106756e-02  -1.9128882e-02  -3.4478951e-05   7.7385940e-05  -1.1440027e-03
   5.1124520e-02  -9.9656996e-02  -7.1748264e-02   1.0631804e-03  -1.3321798e-04  -1.3425217e-03
   5.3469401e-02  -1.7482376e-02  -1.0164859e-01   5.6095143e-04  -1.8936180e-04  -1.1204924e-03
   6.8148209e-02  -1.6930769e-02  -2.5941232e-02   2.3562628e-04  -1.8096772e-04  -1.3275268e-03
   7.8359299e-02  -1.1755139e-01  -7.5045859e-02   9.5766286e-04  -1.4070163e-04  -1.4236702e-03
   8.6898408e-02   3.8996688e-03  -2.8714477e-02  -3.7991810e-04   1.5915653e-04  -1.4160105e-03
   5.9195958e-02  -1.3577897e-01  -4.5951467e-02   9.5092598e-04  -1.2481470e-04  -1.4051477e-03
   6.5295506e-02  -1.5516780e-02  -3.9157394e-02   3.9548186e-04  -1.5717564e-04  -1.2792468e-03
   7.8178785e-02  -5.6282933e-02  -2.7572022e-02  -1.2419038e-04   1.3053289e-04  -1.1372582e-03
   6.4605069e-02  -9.0376991e-02  -4.8923321e-02   6.2929810e-04   2.4168970e-04  -1.3411744e-03
   5.1375406e-02  -5.9109809e-02  -9.7576766e-02   5.7990762e-04   1.5157625e-04  -1.0057489e-03
   4.3464836e-02   1.5785776e-02  -4.2178186e-02   5.2519126e-05   2.1345783e-04  -1.0018198e-03
   4.4485192e-02  -1.2106341e-01  -8.9155412e-02   7.8832847e-04   2.3698770e-04  -1.2870058e-03
   6.5781203e-02  -1.3489357e-02  -3.7990240e-02   2.9138531e-04   1.0220446e-05  -1.2717082e-03
   4.3126668e-02  -5.1213247e-02  -6.1154209e-03   2.1464636e-04   2.4390649e-04  -1.4329916e-03
   5.7497535e-02  -1.0024843e-01  -1.0923719e-01   1.0663138e-03  -9.2034412e-06  -1.3381356e-03
   6.4840028e-02   2.8203715e-03  -2.8778993e-02   2.0969083e-04   2.6189888e-04  -1.1522436e-03
   4.5703176e-02  -4.1253255e-02   2.6656238e-03   5.2476806e-04   1.7201771e-04  -1.1954889e-03
   3.9687163e-02  -8.2423972e-02  -1.3406318e-01   1.0329588e-03   9.6570414e-05  -9.9621350e-04
   5.0304203e-02   4.1314998e-02  -4.9948721e-02   9.7767810e-05   2.6231734e-04  -9.1421413e-04
   5.2250972e-02  -6.8209513e-02  -3.7680362e-02   7.0683845e-04   1.1378381e-04  -1.0380408e-03
   4.3490319e-02  -6.5267927e-02  -1.1336944e-01   1.1393364e-03  -4.9417097e-04  -1.1552033e-03
   5.9743403e-02  -1.1015105e-02  -5.0947062e-02   2.1441602e-04  -2.2762849e-05  -1.1995513e-03
   5.7662217e-02  -3.2693837e-02   1.5442288e-02   1.8374202e-04   2.7390298e-05  -1.1938432e-03
   5.8950099e-02  -8.5463638e-02  -7.9815054e-02   1.1294865e-03  -4.0711088e-04  -1.3183665e-03
   6.7971803e-02   5.2791977e-02  -2.9458590e-02   4.0417998e-04  -7.3288374e-05  -9.0456277e-04
   4.0814340e-02  -5.1574730e-02  -3.5300059e-02   6.4845551e-04   1.2411830e-05  -1.2141822e-03
   6.6760203e-02  -9.2297071e-02  -7.4283950e-02   7.8837096e-04  -3.1777340e-04  -1.3865640e-03
   5.9966996e-02  -1.8423062e-02   2.0792140e-02  -1.8709323e-04  -8.6969755e-05  -1.1882832e-03
   5.4058194e-02  -1.0335329e-01  -3.7852314e-02   4.9268693e-04  -3.6581640e-04  -1.3048358e-03
   5.3778738e-02  -7.0507905e-02  -8.4551798e-02   9.0892496e-04  -5.9477876e-04  -1.1809305e-03
   6.6242879e-02  -9.4230106e-04  -8.5014674e-03   1.5294559e-04  -5.1376865e-04  -1.1850786e-03
   7.7416951e-02  -9.7459660e-02  -3.1330193e-02   1.3219641e-03  -7.3832262e-04  -1.3899392e-03
   6.0426972e-02  -2.2467292e-02  -4.0718325e-02   1.3132421e-03  -5.3219731e-04  -1.0952635e-03
   3.6154064e-02   1.5641052e-02  -2.8557769e-03   4.5282834e-04  -5.0430777e-04  -1.2149705e-03
   7.0109911e-02  -1.0529841e-01  -4.9651824e-02   1.0441817e-03  -9.2543269e-04  -1.2928828e-03
   8.0237633e-02  -4.4897284e-02  -7.6248840e-02   1.0516300e-03  -5.8484581e-04  -1.1058324e-03
   7.7936144e-02  -3.2375561e-02   4.4434155e-03  -6.0995437e-05  -5.6034496e-04  -1.2468422e-03
   7.5291758e-02  -1.3021240e-01  -6.0814772e-02   1.0540536e-03  -6.7680115e-04  -1.3680496e-03
   7.8018804e-02  -5.8307280e-03  -3.7732450e-02   4.6846623e-04  -6.8335513e-04  -1.0992584e-03
   8.3297594e-02  -5.4709866e-02  -1.0620332e-02   4.4707674e-04  -3.5895686e-04  -1.1956032e-03
   7.5487657e-02  -8.1246819e-02  -3.9323461e-02   1.6407751e-03  -8.6295935e-04  -1.3921696e-03
   8.0544987e-02   2.8910722e-03  -1.3566871e-03   3.9310189e-04  -5.8080490e-04  -1.2680378e-03
   6.3952377e-02  -1.0581722e-01  -3.3444476e-02   5.8809074e-04  -4.8411771e-04  -1.2122562e-03
   7.2696032e-02  -1.0382220e-01  -8.0973633e-02   1.3513211e-03  -6.8218318e-04  -1.1448245e-03
   6.2826650e-02  -2.8191246e-02  -1.6489193e-02   1.1969531e-04  -6.0852130e-04  -1.2350721e-03
   5.2632423e-02  -1.2147226e-01  -9.2544308e-02   8.4367324e-04  -4.0369899e-04  -1.3679957e-03
   5.8542843e-02  -2.8727608e-02  -5.4151699e-02   6.1469761e-04  -7.6744803e-04  -1.1012868e-03
   8.2919834e-02  -1.2213276e-02  -7.7222818e-03   4.8821413e-04  -4.0160172e-04  -1.1944216e-03
   5.4994072e-02  -1.1905055e-01  -7.5547648e-02   1.4224763e-03  -2.9624968e-04  -1.1195421e-03
   8.3779589e-02  -1.4143019e-02  -1.2501093e-01   1.1790335e-03  -2.3301121e-04  -1.2491368e-03
   5.6445135e-02  -4.9843291e-02  -1.4253097e-01   5.7851229e-04  -3.7716949e-04  -1.1197400e-03
   9.0727467e-02  -1.7715621e-03   6.7511518e-03   6.7288099e-04  -4.3287196e-04  -1.4458552e-03
   7.8445876e-02  -1.6259491e-01  -7.2609917e-03   1.4597934e-03  -2.5675090e-04  -1.7463411e-03
   7.7720885e-02  -6.2139937e-02  -3.2286295e-02   8.3764235e-04  -7.9689464e-04  -1.7612139e-03
   9.0648495e-02  -3.2746755e-02  -8.6727496e-02   1.2372121e-03  -7.4269323e-04  -1.7850705e-03
   8.3887447e-02  -8.3435885e-03  -4.7283455e-02   8.8846287e-04  -1.2379195e-03  -1.7267632e-03
   8.1467592e-02  -3.7429041e-02  -6.3566248e-03   1.1648304e-03  -9.6094327e-04  -1.9502115e-03
   6.5963220e-02  -8.4130046e-02  -6.1337200e-02   1.4647946e-03  -9.9398506e-04  -1.7885862e-03
   9.4962839e-02  -7.8373368e-04   1.0282572e-03   3.0406188e-04  -1.0881506e-03  -1.6011118e-03
   7.6090523e-02  -1.5674386e-01  -5.4651313e-02   1.3953509e-03  -7.6010400e-04  -1.6661809e-03
   7.8611390e-02  -3.6087056e-02  -4.3803500e-02   9.2307662e-04  -1.1246637e-03  -1.6033630e-03
   8.3478669e-02  -5.7147175e-02  -9.7466973e-03   7.8529718e-05  -8.5114769e-04  -1.7772617e-03
   7.0152779e-02  -1.4283051e-01  -1.3930866e-01   1.2827970e-03  -7.7885430e-04  -1.5701482e-03
   8.6669213e-02  -1.4433492e-03  -6.3399517e-02   3.9772202e-04  -9.2584433e-04  -1.4134385e-03
   6.3532276e-02  -2.9259563e-02  -3.7450719e-02   4.7709072e-04  -6.8538594e-04  -1.6158495e-03
   1.0790990e-01  -9.4583084e-02  -1.5184303e-01   1.1407480e-03  -7.1652090e-04  -1.3832707e-03
   7.9868374e-02   1.8290348e-02  -3.6996783e-02  -1.4262045e-05  -4.4631476e-04  -1.3520065e-03
   8.6352876e-02  -1.1975057e-01  -3.3888631e-02   6.3054657e-04  -1.2750479e-03  -1.6131279e-03
   9.3167213e-02  -6.5093126e-02  -1.0134376e-01   6.5833349e-04  -9.0246899e-04  -1.5422727e-03
   6.9986857e-02  -1.9378034e-02   1.0640019e-02  -1.9573538e-04  -7.9182023e-04  -1.5186794e-03
   7.2465328e-02  -1.1801935e-01  -5.4422154e-02   1.0545572e-03  -1.0142845e-03  -1.6545959e-03
   7.1560228e-02  -2.5035684e-02  -1.1579736e-01   1.0966973e-03  -1.1595934e-03  -1.4283875e-03
   8.0280177e-02   7.2941866e-03   2.3869719e-03   4.1628878e-04  -1.0842253e-03  -1.3059613e-03
   7.2249182e-02  -9.3614923e-02  -5.2910106e-02   1.2714742e-03  -1.2116174e-03  -1.3755540e-03
   8.3268700e-02  -1.5627453e-02  -6.3635131e-02   9.2917862e-04  -1.1285401e-03  -1.2181259e-03
   8.5062920e-02  -4.3843701e-02   5.9796408e-03  -5.9699399e-05  -1.2360682e-03  -1.6085350e-03
   6.1487700e-02  -1.2403695e-01  -1.2311457e-01   8.6384621e-04  -8.8048026e-04  -1.3248587e-03
   8.4951625e-02  -2.3500050e-02  -1.9497869e-01   5.1126213e-04  -5.2521528e-04  -8.3305917e-04
   7.3320144e-02  -1.4185760e-02  -1.4788800e-03  -3.5351571e-04  -6.3567182e-04  -1.4758415e-03
   8.5419070e-02  -1.0013918e-01  -3.2252953e-02   5.9436078e-04  -7.4287140e-04  -1.4423567e-03
   7.9105958e-02  -1.6828217e-02  -1.3699203e-01   9.5903259e-04  -8.9787951e-04  -1.3873889e-03
   8.1453063e-02   1.0426468e-02  -1.9540117e-01   5.6049894e-04  -9.1826533e-04  -1.0718690e-03
   1.0221884e-01  -2.0346128e-03  -5.9314667e-02   3.1050243e-04  -1.0481689e-03  -1.3266369e-03
   8.5575599e-02  -1.5915840e-01  -1.2552187e-01   1.3810662e-03  -1.0651646e-03  -1.5575546e-03
   9.1911397e-02  -1.9153337e-02  -5.7912520e-02  -4.1461965e-07  -1.1945173e-03  -1.6146266e-03
   9.2080372e-02  -9.7343403e-02  -7.1625128e-02   5.8871007e-04  -9.7948011e-04  -1.7308793e-03
   8.3497762e-02  -7.5537020e-02  -1.3566107e-01   1.0054582e-03  -1.1056185e-03  -1.4405159e-03
   1.0125737e-01  -5.9154388e-03  -2.6340103e-02   2.6764825e-04  -1.2050968e-03  -1.6366150e-03
   9.5467704e-02  -1.2564481e-01  -1.2466348e-01   1.6369454e-03  -1.2115357e-03  -1.5835272e-03
   7.6830465e-02  -8.1996592e-03  -1.1713016e-01   8.6562287e-04  -9.3146585e-04  -1.2741276e-03
   8.7950016e-02  -2.2614709e-02  -2.7576098e-02   1.6447758e-04  -8.3579014e-04  -1.6254442e-03
   6.9061499e-02  -1.3214887e-01  -1.6423795e-01   1.2639136e-03  -8.7155605e-04  -1.5963005e-03
   7.5850249e-02  -3.3964962e-02  -9.4530667e-02   4.1927627e-04  -8.2975178e-04  -1.2933697e-03
   7.9906050e-02  -6.2299344e-02  -2.7975922e-02   4.3446646e-06  -7.3379330e-04  -1.6968236e-03
   8.1497286e-02  -1.3036988e-01  -1.4465646e-01   1.4227275e-03  -1.1436427e-03  -1.5972038e-03
   8.6982342e-02   1.3023460e-02  -6.1120207e-02   4.4709250e-04  -8.8699478e-04  -1.3416830e-03
   7.4967349e-02  -8.0696177e-02  -3.2175258e-02   1.2087966e-03  -9.4592821e-04  -1.4871972e-03
   9.6080893e-02  -7.7377795e-02  -1.0461666e-01   1.3123703e-03  -1.2076125e-03  -1.4385676e-03
   9.8520103e-02  -3.7358257e-02  -3.0824820e-02  -1.7897471e-04  -6.4639636e-04  -1.4380650e-03
   7.7169647e-02  -1.6409123e-01  -1.1263398e-01   1.2709351e-03  -8.8022843e-04  -1.5120798e-03
   1.0361716e-01  -2.9678927e-02  -7.3186076e-02   4.9588327e-04  -5.4960704e-04  -1.2458009e-03
   8.0172027e-02  -9.1873909e-02  -4.2628300e-02   7.4789895e-04  -1.0317545e-03  -1.5588311e-03
   9.1689835e-02  -8.0197401e-02  -9.0227401e-02   1.3708681e-03  -1.3542070e-03  -1.4945241e-03
   9.5023029e-02   4.5385843e-03  -2.2096238e-02   5.9525808e-05  -8.2256929e-04  -1.4375166e-03
   6.2940362e-02  -1.0002835e-01  -1.0516034e-01   1.4102894e-03  -1.0714900e-03  -1.5693095e-03
   7.2344621e-02   1.7613229e-03  -8.8349639e-02   5.1048496e-04  -9.2142239e-04  -1.3797612e-03
   9.3798762e-02  -6.2964683e-02  -3.3698431e-02   3.3189693e-04  -6.4458990e-04  -1.3852387e-03
   8.5391513e-02  -1.2111296e-01  -8.3079151e-02   1.1274907e-03  -8.9010083e-04  -1.4558760e-03
   8.2433319e-02  -4.8566377e-02  -1.8288520e-02   2.8348600e-04  -7.0594218e-04  -1.4170910e-03
   7.5427514e-02  -7.8130392e-02  -1.5616078e-02  -1.9796589e-04  -7.0262369e-04  -1.6045035e-03
   8.1394716e-02  -1.2725655e-01  -7.6431900e-02   1.1127981e-03  -1.2249142e-03  -1.7402192e-03
   8.2077191e-02  -1.5639945e-02  -1.1554423e-01   1.2228847e-03  -1.0949871e-03  -1.8415529e-03
   8.5583790e-02  -3.4688496e-02  -1.5721024e-01   1.1310838e-03  -7.9866075e-04  -1.6288820e-03
   8.6376296e-02  -3.6895687e-02  -5.9308127e-02   4.7504053e-05  -7.8226297e-04  -1.4679028e-03
   8.3453983e-02  -1.1852757e-01  -9.5666340e-02   8.8004551e-04  -7.6515395e-04  -1.6158561e-03
   8.0041693e-02  -7.0316038e-02  -1.3008201e-01   7.6864944e-04  -1.0320874e-03  -1.4868512e-03
   1.0033435e-01  -3.5273591e-02  -4.2478482e-02  -3.5116025e-04  -8.0930297e-04  -1.5245933e-03
   6.6384416e-02  -1.5074342e-01  -1.2721012e-01   1.2276927e-03  -1.0139761e-03  -1.7948435e-03
   1.0793678e-01   8.9040141e-03  -9.0123631e-02  -3.3655676e-05  -1.0508080e-03  -1.5009690e-03
   6.7686000e-02  -6.3459333e-02  -8.2498839e-02   6.5977610e-04  -1.0942555e-03  -1.4614245e-03
   7.5766477e-02  -5.0271523e-02  -1.0297221e-01   1.3854827e-03  -1.6103460e-03  -1.5838229e-03
   8.5353764e-02   2.8424291e-02  -4.3317879e-02  -1.0272898e-05  -9.8668844e-04  -1.5321510e-03
   6.9441791e-02  -1.0152320e-01  -8.8613524e-02   1.1116146e-03  -1.5222760e-03  -1.6985098e-03
   7.1794882e-02  -4.0519054e-02  -1.0575046e-01   9.6791193e-04  -1.3753842e-03  -1.4578372e-03
   8.2254196e-02  -4.7495948e-02  -6.2557342e-02   3.1266363e-04  -1.0273970e-03  -1.7550045e-03
   7.3615999e-02  -1.0286744e-01  -1.5646906e-01   6.2155145e-04  -1.0338148e-03  -1.6185126e-03
   8.3958772e-02   2.6847198e-02   6.3943243e-02  -2.1599426e-04  -1.1711455e-03  -1.3584475e-03
   5.9794368e-02  -4.7362109e-02  -7.9378855e-02   6.5822228e-04  -1.0605375e-03  -1.5557707e-03
   7.3992151e-02  -7.3024931e-02  -3.5647906e-01   1.1873683e-03   5.6891007e-04  -6.8742074e-04
   6.1191874e-02   3.6817772e-02  -1.7812534e-01   4.5788288e-04  -4.3684802e-04  -1.3104686e-03
   8.0139476e-02  -8.9340791e-02  -2.1703592e-01   7.2697255e-04  -8.0129599e-04  -1.8697267e-03
   8.7283576e-02  -2.5234448e-02  -1.1379393e-01   4.4538051e-04  -1.2099664e-03  -1.8432045e-03
   8.4268706e-02  -1.0299519e-01  -1.3657832e-01   1.2782403e-03  -1.4798829e-03  -2.0221444e-03
   1.2588683e-01  -7.7060399e-02  -1.4457050e-01   9.5598173e-04  -1.4529617e-03  -2.1816376e-03
   1.0227647e-01  -1.4333997e-02  -9.3071135e-02   2.9550712e-04  -1.0596993e-03  -1.8731679e-03
   8.9261576e-03  -1.1069767e-01  -8.5013372e-02   2.9751805e-03   1.9735176e-03   1.9063832e-04
  -1.6832688e-02  -3.4687510e-02  -3.9673713e-02   2.3537094e-03   1.6349963e-03   3.1352955e-04
  -1.1886551e-02  -6.7671330e-02  -6.7406044e-03   2.0164825e-03   1.5726289e-03   4.1498955e-04
  -4.1738886e-03  -1.4135102e-01  -7.4995043e-02   2.7444938e-03   1.4695211e-03   4.7560653e-04
   1.3300318e-02  -6.2236564e-02  -6.1355806e-02   2.2854280e-03   1.5364320e-03   6.3405082e-04
  -8.4582393e-03  -5.6316998e-02  -1.0576480e-02   1.1667766e-03   1.7925873e-03   4.5217734e-04
  -2.9680574e-02  -1.3600048e-01  -1.1509475e-01   2.2154662e-03   1.8691401e-03   4.2014059e-04
  -1.2672883e-02  -9.7181216e-03  -5.7724039e-02   1.3617600e-03   1.2744361e-03   4.6286367e-04
   1.3765624e-02  -5.8872907e-02  -1.3752945e-02   1.6446291e-03   1.1240144e-03   4.0055353e-04
   8.5930651e-03  -9.2751651e-02  -1.1854284e-01   2.5655663e-03   1.3146996e-03   2.5784609e-04
   6.4110631e-03  -6.4440926e-02  -1.5775854e-01   2.0447737e-03   1.2955933e-03   5.3875341e-04
   5.7713735e-04  -2.6847934e-02  -4.0588680e-02   1.1682513e-03   1.3352108e-03   5.7723499e-04
  -1.4585699e-02  -1.3791036e-01  -8.4985899e-02   1.7188755e-03   1.4222724e-03   1.5779890e-04
  -4.6595063e-03  -1.0294892e-01  -1.5682111e-01   1.7255132e-03   1.5785752e-03   3.3282788e-04
   6.5710209e-03  -1.7804188e-02   2.9829251e-02   3.2170176e-04   7.6808981e-04   1.2932410e-04
   1.7926578e-02  -1.6083672e-01  -1.2347203e-01   2.0937548e-03   1.0727944e-03   3.9957484e-05
  -7.4291398e-05  -1.5829579e-02  -5.0142502e-02   1.1236299e-03   1.1690730e-03   3.4637704e-04
   3.3896351e-03  -6.6392093e-02  -2.2623375e-02   1.4862259e-03   9.6299346e-04   1.4276818e-04
  -1.8257187e-03  -8.7051616e-02  -9.9803536e-02   1.9469490e-03   1.2914938e-03   3.7198147e-04
   2.5255197e-02  -1.6912549e-02  -4.0198916e-03   8.4303742e-04   1.4673375e-03   4.4816921e-04
  -1.1930654e-02  -1.4459035e-01  -1.6338098e-02   1.8804472e-03   1.0368772e-03   2.1128229e-04
  -6.6851737e-03  -6.5706854e-02   6.6208381e-04   1.3344584e-03   1.2404761e-03   2.0432948e-04
  -1.7630682e-02  -7.9457598e-02   5.5385711e-02   1.0608764e-03   1.4019756e-03   1.1609123e-04
  -2.9118975e-03  -1.5078115e-01  -8.0525350e-02   1.9697373e-03   9.6006538e-04   1.3977301e-04
   1.0176816e-02  -1.6899650e-02  -4.5612485e-03   1.3781379e-03   1.6491179e-03   4.4121666e-04
  -1.2716381e-02  -8.7624747e-02   7.6914585e-03   1.7761160e-03   1.5914823e-03   1.9662617e-04
  -2.1138454e-02  -8.2392869e-02  -4.8828100e-02   2.3745309e-03   1.5250697e-03   3.0512113e-04
   1.8850037e-03  -7.5058780e-02   6.9365302e-03   1.8726692e-03   1.6640935e-03   2.8565522e-04
  -2.3203342e-02  -8.3641593e-02   3.7269922e-02   1.2133272e-03   1.6061191e-03   3.4200545e-04
  -3.8135530e-02  -1.4888422e-01  -6.4085055e-02   2.1938842e-03   1.4628873e-03   8.5587639e-05
  -2.4960193e-03  -8.3686775e-02  -1.2937852e-02   1.6071188e-03   1.9198768e-03   4.2800029e-04
  -1.1740526e-02  -7.7746661e-02   7.6436736e-02   1.5352358e-03   1.7366740e-03   3.4097717e-04
  -9.7135154e-03  -1.2196710e-01  -4.6017466e-02   2.4065805e-03   1.1006828e-03   1.4947197e-04
   1.1759262e-02  -4.1017567e-02  -6.9818783e-02   2.7329071e-03   1.0890949e-03   1.6296787e-04
   8.1509359e-04  -6.0389988e-02   2.0804016e-02   2.4039724e-03   1.3274614e-03   1.3704473e-04
  -1.4235043e-02  -1.1330247e-01   6.9235680e-02   2.1803514e-03   1.3483901e-03   3.2605834e-04
  -2.3283819e-02  -1.4812118e-01  -4.1770606e-02   3.0909618e-03   9.2116434e-04   3.4103147e-05
   1.4393161e-02  -3.7840394e-02   3.3203694e-02   1.4831043e-03   1.1957488e-03   1.8386913e-04
   1.1428955e-02  -6.5632130e-02   1.0748554e-01   1.3671172e-03   1.5035236e-03   1.0118451e-04
  -1.5708876e-02  -1.2550836e-01  -7.1767639e-02   2.2630044e-03   1.2313525e-03  -6.2100763e-05
  -1.2829653e-02  -4.9211837e-02  -1.3395815e-01   2.5332121e-03   1.7600380e-03   1.7105178e-04
   2.1497524e-02  -2.0054525e-02  -5.1734612e-02   1.9769224e-03   1.6364639e-03   2.0867064e-04
   3.9657201e-02  -6.7213448e-02   1.0092612e-01   1.5144107e-03   1.6871396e-03   1.4083649e-04
  -5.5435129e-03  -1.5779370e-01  -5.9183304e-04   2.7874035e-03   1.5528242e-03  -7.8668960e-05
   6.0753498e-03  -6.0226199e-02  -7.3690599e-03   1.9333674e-03   1.5532190e-03  -8.4292338e-05
   6.7247509e-03  -7.3605274e-02   7.0174745e-02   1.5347071e-03   1.7429755e-03  -2.5071724e-04
  -8.9636593e-03  -1.6224536e-01  -6.3816711e-03   2.8649449e-03   1.5242903e-03  -4.9591752e-04
   1.1395573e-03  -4.1745587e-02   5.2098248e-02   1.8262965e-03   1.4263846e-03  -3.6171828e-04
   8.5396033e-03  -1.1752180e-01   4.4063653e-02   2.3999659e-03   1.2088917e-03  -2.0666844e-04
  -2.6148735e-03  -7.6470044e-02   3.7157496e-02   2.3353673e-03   1.2885359e-03  -1.9130772e-04
   1.9861643e-02  -5.7830819e-02   7.8014707e-02   1.3234423e-03   1.0659619e-03  -1.8039583e-04
   8.1522335e-03  -1.3103895e-01  -2.9237963e-02   2.3530323e-03   1.0149786e-03  -2.4718973e-04
   6.2401927e-03  -4.8079940e-02   5.6655706e-02   1.1694629e-03   1.3933629e-03   4.0497986e-06
   8.1212889e-03  -9.4035813e-02   5.0756512e-02   1.3064662e-03   1.1869278e-03  -9.7752638e-05
   6.4896061e-03  -9.6209012e-02  -1.0299546e-01   1.9174960e-03   1.0297854e-03  -1.1537299e-04
   2.6908348e-02   1.7070106e-02  -3.5893572e-03   8.8403129e-04   1.0481830e-03  -5.5907726e-05
   1.3542390e-02  -8.2833496e-02   5.2672075e-02   1.8186893e-03   1.0935212e-03  -8.2844777e-05
   2.1281246e-03  -7.8424746e-02  -5.2756326e-02   2.7650501e-03   1.0231137e-03  -1.2041645e-04
   2.7694577e-02   5.9957210e-03   6.4968650e-02   1.5752342e-03   1.0180985e-03  -1.2253927e-05
   1.0136531e-03  -1.4208352e-01   2.4729347e-02   2.1494556e-03   6.5552429e-04  -2.0491732e-04
   3.4898240e-02  -9.5284999e-02  -3.3414969e-02   1.8863692e-03   6.2192097e-04  -6.3761457e-05
   3.5420377e-02  -5.4703578e-02   4.2382595e-02   1.1262471e-03   1.2825506e-03   1.5202375e-04
  -1.2070898e-02  -1.3930861e-01  -1.4776615e-01   1.9937856e-03   1.8256647e-03   2.8804995e-04
   2.7311360e-02  -2.5915516e-02  -3.8796037e-02   1.3817548e-03   1.3781188e-03   7.9774164e-05
   7.9841913e-03  -9.2481036e-02   6.1786821e-02   1.9918922e-03   1.4582165e-03  -2.3718721e-04
   3.4327838e-03  -1.1955008e-01  -5.5321249e-02   2.0475623e-03   1.3601385e-03  -2.8740338e-04
   1.5726344e-02  -7.7000938e-03  -9.2978661e-02   2.0968132e-03   1.2205705e-03  -1.7445945e-04
   2.8536849e-02  -3.4981788e-02  -1.1374267e-02   1.5063078e-03   1.1756356e-03   1.4597917e-05
   1.8204868e-02  -1.3761212e-01   1.1247025e-02   2.1556908e-03   1.1039826e-03  -3.4027971e-04
   2.3647006e-02  -1.1940642e-01  -4.4020871e-02   2.2100208e-03   9.5596960e-04  -3.7851560e-04
   2.4689579e-02  -6.1353861e-02   7.4668090e-02   1.2786003e-03   1.0590464e-03  -1.8474321e-04
   6.3341386e-03  -1.5526048e-01  -1.5838320e-04   2.2489024e-03   6.6518934e-04  -2.5280418e-04
   3.0611348e-02  -5.2394283e-02  -9.9902506e-03   1.3943219e-03   8.6229467e-04  -3.2643884e-05
   1.6194808e-02  -3.6670116e-02   2.8000095e-02   1.0930938e-03   7.9348012e-04   1.2843682e-04
  -1.7566605e-02  -1.0404093e-01  -1.6578545e-02   2.4480630e-03   5.7191275e-04  -1.0826754e-04
   1.4825107e-02  -4.1329379e-02   1.3043053e-02   2.1586184e-03   8.8566625e-04  -1.1409021e-04
   1.5962616e-02  -9.7397853e-02   7.7568381e-02   1.1786191e-03   8.0249399e-04  -9.1031407e-05
  -1.2366997e-02  -1.6208176e-01  -5.5997813e-02   1.7570738e-03   8.0639498e-04  -2.4955488e-04
  -1.3046643e-03  -3.7003700e-02  -4.1929022e-02   9.6872990e-04   1.0564100e-03  -2.0436881e-04
   9.2228949e-03  -4.7038832e-02   5.7920182e-02   1.4023161e-03   9.0198628e-04  -1.7291900e-04
  -1.3182056e-02  -1.3753448e-01  -2.4091956e-02   2.6787315e-03   7.6583935e-04  -2.1584783e-04
   2.7776496e-02  -4.3077951e-02   1.5626946e-02   1.9962585e-03   6.4373525e-04  -1.2003303e-04
   1.7855881e-02  -7.7700625e-02   4.5588073e-02   1.2619880e-03   8.9325030e-04  -1.3341769e-04
   1.9958635e-02  -1.4098309e-01  -2.7381717e-02   2.2178597e-03   1.1323720e-03  -3.2049508e-05
   2.8498324e-02  -3.0914823e-02   6.3247379e-02   1.0885566e-03   1.4865925e-03   1.1193604e-04
  -6.3203458e-03  -1.3803107e-01  -5.1262510e-02   1.9402899e-03   1.5559535e-03  -8.6687714e-05
  -1.3673661e-02  -3.5477132e-02  -1.5774245e-02   1.1599977e-03   1.2960976e-03   2.1609391e-05
  -2.0039605e-03  -7.9603509e-02   4.5427094e-03   2.0963674e-03   9.8211639e-04   2.4046906e-05
   3.4289603e-03  -8.3017757e-02  -1.9614743e-02   2.4272574e-03   1.0312805e-03  -1.0020298e-04
   1.6044337e-02  -3.5460881e-02   5.3673322e-02   1.7248290e-03   9.3853361e-04   1.9145381e-05
   2.7887331e-03  -1.5122165e-01  -1.4935887e-02   2.6363046e-03   8.2471379e-04  -2.4934098e-04
   5.5885459e-03  -6.2724114e-02   1.6029613e-02   1.8261273e-03   8.8131902e-04  -2.0081451e-04
   1.6018833e-02  -9.2114622e-02   6.0666208e-02   1.6034929e-03   1.0898788e-03  -1.8353929e-04
   7.7924994e-03  -1.5010249e-01  -2.7272006e-02   2.4891327e-03   9.9724287e-04  -3.6428382e-04
   2.1424372e-02  -4.9059028e-02   4.6662689e-02   1.8478355e-03   1.2486695e-03  -4.1954638e-05
   1.1937302e-02  -1.2491952e-01  -2.5559450e-02   2.4701042e-03   1.3559954e-03  -4.1240948e-04
   2.5273530e-02  -6.9004241e-02   5.7391891e-03   2.0158216e-03   1.4452905e-03  -2.1472014e-04
   9.3011668e-03  -8.3014860e-02   3.3394265e-02   1.9310097e-03   1.8164791e-03  -7.1851826e-05
   5.2912063e-03  -1.1343083e-01  -4.0129568e-02   3.0110276e-03   1.6769359e-03  -3.0725675e-05
  -8.6630102e-03  -1.5561594e-02   4.1001322e-02   1.5829711e-03   1.8705527e-03   5.0591981e-05
  -1.0345397e-02  -1.6696513e-01   1.5524398e-02   2.7416692e-03   1.8786893e-03  -1.4690843e-04
  -8.8980144e-05  -9.5768735e-02   1.6814447e-02   2.8342532e-03   2.0336606e-03   4.0216564e-05
  -5.8311107e-03  -1.0116044e-01   5.0156100e-02   2.1165237e-03   1.9846495e-03   1.1204368e-04
  -2.2243617e-02  -1.3315410e-01  -3.7417407e-02   2.4568706e-03   1.8586300e-03  -1.6849767e-04
   1.5837165e-02  -4.0668793e-02   5.9577717e-02   1.4386107e-03   1.9742335e-03  -1.1129644e-06
  -2.2897240e-02  -1.1763559e-01   6.6757835e-03   2.2263637e-03   2.0124713e-03  -3.2498350e-05
  -1.7955362e-02  -8.5087001e-02  -1.2291706e-01   2.4354021e-03   2.1799155e-03   4.7691678e-05
  -5.3642213e-04  -9.8278568e-03  -6.9997752e-02   2.1448976e-03   2.5846077e-03   2.6554545e-04
  -5.2524916e-03  -9.9385321e-02   5.9578072e-02   2.5055959e-03   2.9738679e-03   2.8593423e-04
  -3.1393148e-02  -1.5982115e-01  -1.2702121e-01   2.5740089e-03   2.2880855e-03  -9.3577591e-05
   6.5941907e-02   1.4883958e-02   5.9014531e-02  -2.5818875e-04  -9.1601892e-04  -2.9220397e-04
   4.6762655e-02  -1.1675726e-01   2.5344664e-02   6.6490105e-04  -7.0687945e-04  -4.2416576e-04
   2.9582520e-02  -4.3111393e-02   7.2903147e-03   1.3153693e-04  -7.5440124e-04  -1.7437432e-04
   5.7882623e-02  -5.1315505e-02   8.3449585e-02   6.7349786e-04  -1.0891148e-03  -3.4043913e-04
   3.7481861e-02  -9.7367382e-02   1.4514169e-02   8.0691231e-04  -1.0679133e-03  -3.8525365e-04
   5.8388566e-02  -2.2179293e-02   1.0090571e-01  -7.4664447e-04  -1.1979565e-03  -2.9638024e-04
   4.9139124e-02  -1.4452924e-01  -1.7935646e-02   5.5802269e-04  -1.3182291e-03  -3.5132412e-04
   6.7976867e-02   1.9363685e-02   6.2370222e-02  -9.1666059e-04  -1.4818630e-03  -3.2477962e-04
   4.7786842e-02  -1.3717072e-01  -1.0889520e-02   1.7509403e-04  -1.5178396e-03  -5.8326831e-04
   4.7954370e-02  -4.7829418e-02   3.2804259e-02   3.7497919e-04  -1.1004404e-03  -3.0374663e-04
   4.9979537e-02  -4.9523512e-02   7.4259356e-02   2.6683939e-04  -1.0525559e-03  -3.0550559e-04
   3.3465878e-02  -8.1271008e-02  -7.0861040e-03   9.0386498e-04  -1.4275468e-03  -5.9196311e-04
   4.7013972e-02   3.5087986e-03   1.0884432e-01  -5.5428464e-04  -1.0423654e-03  -4.0010070e-04
   3.1547906e-02  -1.0618464e-01   3.2687417e-02   8.1616887e-04  -1.5818668e-03  -1.8732600e-04
   5.9757227e-02  -3.4698558e-02   2.7272390e-02   4.9879245e-04  -1.5782305e-03  -1.4412543e-04
   7.0689800e-02  -7.5468622e-02   4.3280000e-02   1.7174552e-04  -1.4912092e-03  -1.2470255e-04
   5.6494870e-02  -9.1459796e-02  -1.4090752e-02   5.0437592e-04  -1.3820557e-03  -2.0652030e-04
   5.4595083e-02   3.5434495e-03   9.7386296e-02  -1.7992245e-04  -1.3128828e-03  -5.4538690e-05
   2.6847334e-02  -1.1520636e-01   3.0135426e-02   1.0572149e-03  -1.3161649e-03  -2.8178826e-04
   2.2860865e-03   2.4286969e-02  -1.2361212e-01   6.5095153e-04   1.8823788e-03   1.3902107e-04
  -8.9356581e-03   2.6320376e-03  -9.7173562e-02   4.0674290e-04   1.9630524e-03  -7.9559998e-05
  -7.2964598e-03  -1.1033931e-01  -1.5622217e-01   1.4260505e-03   1.8278646e-03  -2.7517242e-04
   3.3004858e-02  -4.6576939e-02  -5.9145318e-02  -5.3870777e-05   1.9616219e-03  -8.5941951e-05
  -1.0062393e-02  -1.3883785e-01  -1.0386241e-01   6.6410558e-04   1.8341675e-03  -2.3799925e-04
   1.5034574e-03  -3.8599775e-02  -1.3988419e-01  -1.7404441e-05   1.8399951e-03  -6.9167888e-05
   1.9630141e-02  -2.3623120e-02  -1.0647998e-01  -2.1302849e-04   2.1276689e-03  -1.2280306e-04
  -2.3668179e-02  -8.1915021e-02  -2.4439159e-01   1.7898253e-04   2.0939371e-03  -5.9486811e-05
  -1.2948200e-02  -1.3005514e-02  -2.7797782e-01   7.9037565e-04   2.3619120e-03  -7.7798879e-05
   2.1810012e-02   7.4601296e-03  -1.2003120e-01   2.4658208e-04   2.3069571e-03  -1.2672043e-04
   3.7083573e-03  -9.6060696e-02  -1.2004669e-01   7.4285792e-04   2.7794796e-03  -1.3635736e-04
   2.6372140e-03  -6.6253227e-02  -1.8844761e-01   5.1264766e-04   2.6272843e-03  -1.6511488e-04
   5.6673811e-02  -6.6677248e-02   6.8971602e-02   1.4920548e-04  -3.5862659e-04  -3.1630146e-04
   2.8758593e-02  -1.8401786e-01   1.4553203e-02   1.4017938e-03  -7.9215654e-04  -3.5750692e-04
   5.4975316e-02  -5.5155007e-02   1.4319760e-01   3.4528049e-04  -1.7630002e-04  -7.2443896e-04
   2.4635957e-02  -1.4256275e-01   1.4128648e-01   5.6069103e-04   1.1186384e-03  -8.3211061e-04
