   1.4534492e-14   0.0000000e+00   0.0000000e+00  -3.3409559e-52   1.9259299e-34   0.0000000e+00
   9.1264949e-03  -9.6176746e-02  -1.8864866e-02   7.2211561e-04  -4.1116404e-04  -2.3799135e-04
   5.2880933e-03  -4.3829335e-02  -2.1918146e-02   9.2856202e-04  -1.4745820e-04  -9.0073967e-05
   3.6986520e-03  -1.0020634e-02   1.7920274e-02   4.7070188e-04  -3.3011640e-04  -2.4514009e-04
   5.7794901e-03  -1.3254500e-01  -1.9221431e-02   8.3860739e-04  -1.2612885e-04  -4.8224019e-04
  -4.9543697e-03  -5.3196260e-02  -6.6620374e-02   3.1611260e-04  -4.7408351e-04  -2.2000838e-04
  -2.1642764e-03  -6.4163343e-02  -4.7247535e-02   1.8597770e-04  -2.7800840e-04  -5.2282526e-05
  -8.5850309e-03  -8.3252842e-02  -1.1931547e-02   3.6163857e-04  -4.1470460e-04   9.7639595e-05
   5.3884302e-03  -5.7135535e-02   7.7059948e-03  -4.9519702e-04  -5.5197067e-04  -3.4511356e-04
   5.0950045e-03  -1.5844094e-01  -6.3035423e-02   6.2703892e-05  -3.6566259e-05  -1.9964120e-04
   1.5150088e-03  -1.4308971e-02  -3.2272994e-02  -3.5268309e-04  -4.7560517e-04   1.5641012e-05
   2.0063962e-02  -4.3678188e-02  -3.1076941e-02  -2.0639540e-04  -7.8735900e-04  -3.6961638e-04
  -7.1952104e-03  -1.1917586e-01  -8.0582494e-02   6.1085208e-04  -8.1473387e-04  -2.7249512e-04
   2.5167566e-02   1.7803741e-02  -6.3114611e-05  -3.6819616e-05  -7.4209153e-04  -4.0175224e-05
   1.8081598e-02  -1.2131921e-01  -2.8302760e-02   3.9466525e-04  -8.3123363e-04  -3.2235310e-04
   2.2024798e-02  -1.0932726e-01  -6.9893247e-02   8.2808110e-05  -9.0044225e-04  -2.3231038e-04
   3.7223808e-02  -3.9530009e-02   1.1444089e-02  -7.8343347e-04  -6.4038080e-04  -3.3999558e-04
   1.4015794e-02  -1.3597276e-01  -3.0551271e-02   1.3566536e-04  -1.0303633e-03  -4.5588239e-04
   2.7259575e-02  -2.6811552e-02   4.8588572e-03  -4.7896630e-04  -9.3085821e-04  -1.5524314e-04
   1.9951704e-02  -2.9297607e-02   2.9656143e-02  -3.8833965e-04  -1.4618448e-03  -4.9363053e-04
   1.4738089e-02  -9.6692882e-02  -3.3970303e-02   4.2970392e-04  -1.7045559e-03  -1.8820247e-04
  -4.6976881e-04   1.7201146e-02  -1.6292560e-02   1.7595040e-04  -1.3060823e-03  -1.1543521e-04
  -4.2092664e-02  -1.2129628e-01  -8.5214430e-02   2.4637944e-03   1.7522900e-03   1.8113264e-04
  -3.9977504e-02  -7.2811561e-02  -5.3905816e-02   1.5058662e-03   1.6131304e-03  -2.0509025e-04
  -5.4592670e-02  -1.5712711e-01  -8.9687813e-02   1.9056558e-03   1.5095515e-03  -3.2099369e-04
  -4.9119183e-02  -7.8811659e-02  -8.5595066e-02   1.8644636e-03   1.4770012e-03  -1.2530366e-04
  -1.1820083e-02  -5.0241754e-02  -4.1901351e-02   1.1931433e-03   1.5612901e-03  -4.7138032e-04
  -2.5998493e-02  -1.5354224e-01  -9.0892821e-02   2.4590295e-03   1.5518685e-03  -3.1219689e-04
  -2.4174770e-02  -3.9478375e-02  -4.0522899e-02   1.6923712e-03   1.6855726e-03  -3.4281979e-04
  -3.8777240e-02  -1.2666226e-01  -7.1511908e-02   2.0366417e-03   1.4360452e-03  -4.9471148e-04
  -2.3446623e-02  -1.2464359e-01  -7.3400566e-02   1.9178308e-03   1.4722666e-03  -3.1417538e-04
  -2.2612900e-02  -1.0153161e-01  -3.4468235e-02   1.3811450e-03   1.4812168e-03  -4.8636937e-04
  -2.6415689e-02  -1.8531070e-01  -1.0423831e-01   1.9482092e-03   1.1416717e-03  -5.6129834e-04
  -1.6961184e-02  -8.0650131e-02  -6.6178136e-02   1.1851074e-03   1.2624860e-03  -6.4831348e-04
   1.2902552e-03  -9.2876330e-02  -1.4540878e-03   1.2319279e-03   1.6682913e-03  -5.8321670e-04
  -4.0430495e-02  -1.4340331e-01  -1.2615042e-01   1.7529484e-03   1.2737177e-03  -4.9474307e-04
  -1.2040294e-03  -1.8118548e-02  -8.9389377e-02   1.6128021e-03   1.1029580e-03  -3.8072128e-04
   9.8843500e-03  -6.5211995e-02  -4.7385488e-02   1.9284561e-03   1.5846128e-03  -5.2916309e-04
  -3.3149352e-02  -1.4289492e-01  -1.2477777e-01   2.2545783e-03   1.1179130e-03  -4.8247081e-04
   6.3986393e-03  -4.0116147e-02  -6.7240741e-02   1.2632317e-03   1.2792060e-03  -3.0151935e-04
  -1.3163324e-02  -1.0987993e-01  -6.7330732e-02   1.5026267e-03   1.5365082e-03  -5.7500977e-04
  -3.0983326e-02  -1.2176150e-01  -1.2823523e-01   2.0789995e-03   1.0213151e-03  -6.0765035e-04
  -7.0819776e-03  -2.4323537e-02  -5.3534926e-02   9.6796114e-04   1.2304023e-03  -6.2964678e-04
  -8.5389548e-03  -1.0274398e-01  -4.0362042e-02   1.4408482e-03   1.1076000e-03  -8.5890961e-04
  -1.7689502e-02  -1.2886322e-01  -1.1327878e-01   2.2023658e-03   9.3178935e-04  -6.1913581e-04
  -2.4529425e-03  -6.6901614e-02  -1.4295095e-01   2.0301078e-03   1.2825448e-03  -3.1947593e-04
  -2.4519946e-03  -1.3748019e-02  -8.9446789e-02   1.7103569e-03   1.2994084e-03  -5.3497626e-04
  -2.5101288e-02  -1.4676670e-01  -1.2752662e-01   2.0657295e-03   1.9747875e-03  -5.8485689e-04
  -2.5642209e-02  -1.1112433e-01  -1.2623804e-01   1.5689677e-03   1.7771893e-03  -4.6624097e-04
  -1.1029036e-02  -7.7690121e-02  -6.6711889e-02   1.1649529e-03   1.9595106e-03  -8.8780585e-04
  -3.5357016e-02  -1.5858355e-01  -1.2351497e-01   2.2647372e-03   2.4775001e-03  -5.2662620e-04
  -1.8717395e-02  -1.5039334e-02  -6.2168052e-02   1.2835800e-03   2.0423988e-03  -3.9833344e-04
  -3.0861500e-02  -1.5384521e-01  -1.0846964e-01   2.0457496e-03   2.0547331e-03  -6.5095630e-04
  -2.7380175e-02  -5.9874349e-02  -7.8771789e-02   1.5346509e-03   2.1050997e-03  -3.9203493e-04
  -2.7982904e-02  -1.1401850e-01  -8.1931967e-02   1.2953073e-03   2.0563878e-03  -3.6419065e-04
  -2.1485946e-02  -1.6887016e-01  -1.1037572e-01   1.6342546e-03   1.9929746e-03  -4.9197917e-04
  -1.8225849e-02  -5.8752893e-02  -3.6330419e-02   2.0111792e-04   2.4270598e-03  -5.2757023e-04
  -5.1604203e-02  -1.5227876e-01  -8.7683826e-02   9.2356409e-04   2.1226483e-03  -7.1868982e-04
  -4.4387065e-02  -7.9512901e-02  -1.3417170e-01   1.0684671e-03   2.2877129e-03  -2.3956161e-04
  -2.0900851e-02  -4.8940810e-02  -7.1178494e-02   5.4075290e-04   1.8460489e-03  -4.8571270e-04
  -3.2059886e-02  -1.2894204e-01  -1.6541676e-01   1.3980956e-03   2.4851217e-03  -3.1171411e-04
  -3.1646550e-02  -4.9477766e-02  -1.3356335e-01   9.1239191e-04   2.3463681e-03  -9.0468098e-05
   1.4210702e-02  -9.0352096e-02  -1.8389880e-02   1.4553697e-03  -5.6080015e-04  -4.2129312e-04
   1.6895811e-02  -1.7087287e-01  -8.4078697e-02   2.4674610e-03  -8.6335188e-04  -2.9451278e-04
   2.0726350e-02  -5.1837577e-02  -3.5196430e-02   1.0044997e-03  -3.5892702e-04  -3.1634868e-04
   5.8380254e-03  -1.2428440e-01  -6.3471328e-03   1.4337500e-03  -7.1715212e-04  -4.7367170e-04
   2.1248952e-04  -1.1539137e-01  -5.4149118e-02   2.1792634e-03  -8.2587961e-04  -2.6592590e-04
   2.2010513e-02  -1.6787222e-02   1.5530158e-02   8.9681934e-04  -5.6365780e-04  -2.1692907e-04
  -8.8452142e-03  -1.2427674e-01  -3.4753272e-02   1.5404072e-03  -7.2391387e-04  -4.3893904e-04
   1.0882336e-02  -8.3236351e-02  -4.6318731e-02   1.1979700e-03  -8.6018139e-04  -1.2033294e-04
   3.9112114e-02  -6.2354101e-02  -2.7031808e-02   7.7386566e-04  -9.5296420e-04  -3.5018929e-04
  -8.2482652e-04  -1.5354267e-01  -1.0153874e-01   1.6965470e-03  -1.3842863e-03  -3.0119271e-04
   2.9297126e-02  -2.1892586e-02  -3.8085945e-02   8.4580655e-04  -8.8128442e-04  -1.9477487e-04
  -1.7786633e-03  -1.1802496e-01  -2.2220022e-02   1.1733571e-03  -1.1230300e-03  -5.5788733e-04
   1.4938992e-02  -1.0465519e-01  -6.3296214e-02   1.7500637e-03  -1.2661839e-03  -3.0614390e-04
   1.8514444e-02  -1.9683596e-02  -6.2081271e-04   9.6374078e-04  -7.6546598e-04  -2.9296367e-04
   1.5182341e-02  -1.2112363e-01  -6.0881418e-02   1.6578122e-03  -9.0186860e-04  -2.4943626e-04
  -4.2843225e-03  -5.9557537e-02  -4.3188362e-02   1.7999518e-03  -1.0779490e-03  -8.6114625e-05
   4.2458315e-02  -7.1089322e-02  -2.3527876e-02   8.4832725e-04  -1.0736205e-03  -7.9540694e-05
   3.8354586e-02  -1.4727896e-01  -5.0674385e-02   1.7386977e-03  -1.2350800e-03  -2.9007896e-04
   6.4128831e-03  -1.4092039e-01  -7.7533061e-02   1.7207328e-03  -1.0928738e-03  -4.3366366e-04
   2.2048244e-02  -9.3387144e-02  -5.4579559e-02   1.6392955e-03  -1.0381716e-03  -3.2571334e-04
   1.9640940e-02  -5.0821083e-02  -1.3845523e-02   1.2027236e-03  -4.9070297e-04  -3.2586877e-04
  -1.1928599e-02  -1.7145836e-01  -3.8059370e-02   2.5071737e-03  -6.8064131e-04  -4.0396917e-04
   4.9053480e-03  -6.0522066e-02  -4.4721613e-02   1.9280784e-03  -1.0116762e-03  -3.8011263e-04
   2.2241754e-02  -8.5290270e-02  -4.1896723e-02   2.1967381e-03  -8.7312407e-04  -3.8812061e-04
  -2.4560839e-03  -1.0337131e-01  -1.0117722e-01   1.8259250e-03  -9.0224862e-04  -2.0289402e-04
   2.8479322e-02  -5.2893081e-02  -4.9631438e-02   1.4697321e-03  -7.1422418e-04  -1.1594213e-04
   1.9265966e-03  -1.8659156e-01  -7.1150479e-02   2.0921013e-03  -7.9481124e-04  -3.0963442e-04
   3.2009822e-02  -6.9435130e-02  -3.7112263e-02   1.1299854e-03  -3.9656031e-04  -3.5054281e-04
   2.9284664e-02  -8.8273803e-02  -7.8023218e-03   1.3906499e-03   1.1348933e-05  -5.2805975e-04
  -1.6490853e-02  -1.4609787e-01  -1.0530181e-01   2.2724412e-03  -5.4782960e-04  -4.3430779e-04
   1.8099720e-02  -2.0215163e-02  -8.0143392e-02   1.2798779e-03  -4.1512192e-04  -2.1496809e-04
   2.8186890e-02  -5.8902090e-02  -1.2529858e-03   1.6119356e-03  -7.9995600e-04  -4.4622875e-04
   1.6363149e-02  -1.3175181e-01  -9.1596753e-02   2.3560769e-03  -8.8591425e-04  -5.6863083e-04
   1.7700192e-02  -4.4962001e-02  -4.2305178e-02   9.9040868e-04  -5.3574687e-04  -4.0615775e-04
   1.4558299e-02  -1.5558923e-01  -2.9159666e-02   1.4488538e-03  -5.0639480e-04  -5.9531787e-04
   1.3716663e-02  -1.3695422e-01  -7.1213523e-02   2.3212100e-03  -8.2577586e-04  -5.0393801e-04
   4.7202189e-02  -3.8438177e-02  -2.0639781e-02   7.9946351e-04  -7.6780860e-04  -5.2624523e-04
   1.3802130e-03  -1.3732920e-01  -2.2084525e-02   1.9589403e-03  -5.7174308e-04  -5.9478265e-04
   6.8481486e-03  -7.0895069e-02  -7.3168646e-02   2.3555920e-03  -1.1261351e-03  -5.1785589e-04
   3.5774405e-02  -5.8633858e-03  -2.1572083e-02   1.1152617e-03  -4.6445321e-04  -3.4293045e-04
  -8.0017777e-03  -1.2539353e-01  -5.6981363e-02   1.7099218e-03  -4.7579019e-04  -5.5261014e-04
   1.5665146e-02  -1.0207135e-01  -5.3831697e-02   1.3711066e-03  -5.9770452e-04  -3.9284995e-04
   2.4337726e-02  -7.7079900e-02  -1.2308906e-02   8.8132396e-04  -3.5373440e-04  -6.1128478e-04
   9.8284466e-03  -1.8254523e-01  -7.8148361e-02   1.8751685e-03  -4.9466610e-04  -6.3979560e-04
   2.9215527e-02  -5.3900961e-02  -3.3386277e-02   1.2643382e-03  -4.9049722e-04  -4.4666686e-04
   3.2234685e-02  -8.6918731e-02  -3.4380499e-02   9.8683202e-04  -1.5027768e-04  -2.6833168e-04
  -1.5524418e-03  -1.3081866e-01  -1.2490552e-01   1.9452273e-03  -5.6131533e-04  -3.1641723e-04
   1.0728335e-02  -1.6273385e-02  -3.5263761e-02   1.1940356e-03  -4.4101134e-04  -2.7147225e-04
   2.7834858e-02  -1.3210306e-01  -5.3420632e-02   1.3654755e-03  -1.3709892e-04  -4.4185805e-04
   1.6324161e-02  -1.3751647e-01  -1.0077772e-01   1.4061070e-03  -2.6261554e-04  -2.9643909e-04
   1.2266310e-02  -5.5691704e-02  -2.1850561e-02   6.7293069e-04  -3.8393108e-05  -2.2296680e-04
   2.1299631e-02  -1.6845950e-01  -8.6750613e-02   1.7572082e-03  -3.6338239e-04  -4.8592595e-04
   1.1739273e-02  -6.8836593e-02  -6.5091858e-02   1.3479788e-03  -7.7459353e-06  -2.2503662e-04
   3.2061700e-03  -5.5062468e-02  -3.0657784e-02   1.3571155e-03  -1.3742782e-04  -1.7043042e-04
  -2.5576755e-03  -1.1614881e-01  -1.0395347e-01   1.7657813e-03  -3.5689875e-04  -2.2319422e-04
  -6.0491755e-03  -3.3059198e-03  -2.8642616e-02   9.2882642e-04  -3.0851578e-04  -8.0389145e-05
   5.5116696e-03  -1.4326316e-01  -6.8247925e-02   1.4951045e-03  -2.4273361e-04  -1.3299044e-04
  -3.5401347e-03  -1.0013675e-01  -6.4021752e-02   1.4130202e-03  -2.3888036e-04   4.2360543e-05
  -2.2366923e-03  -6.7459355e-02  -3.6356099e-02   8.5897260e-04  -9.5595856e-05  -1.3143708e-04
  -1.5638969e-02  -1.4139244e-01  -9.1803525e-02   1.7147519e-03  -3.5590252e-04  -3.5454266e-04
   2.5423843e-02  -4.2400918e-02  -3.2040511e-02   1.1065796e-03  -2.0994000e-04  -2.8620778e-04
   1.5562064e-02  -8.7134018e-02  -1.8070846e-02   7.9124947e-04  -1.8256955e-04  -2.4841186e-04
  -8.8081501e-03  -1.1747622e-01  -8.6689912e-02   1.5902719e-03  -5.2897896e-04  -2.7305984e-04
   2.4200456e-02  -5.9848648e-02  -1.0091736e-01   1.2874769e-03  -5.2582812e-04  -1.5701107e-04
   3.7798434e-02  -2.7889422e-02  -1.8781122e-02   6.9331039e-04  -2.9302016e-04  -2.5611917e-04
  -4.5954112e-03  -1.7599206e-01  -9.7055472e-02   1.4866020e-03  -5.3533634e-04  -2.9788136e-04
   1.7109166e-02  -6.6392382e-02  -7.7467799e-02   8.7896209e-04  -5.9104220e-04  -1.7903307e-04
   2.7535264e-03  -8.4233609e-02  -2.5219067e-02   8.9662051e-04  -6.6735064e-04  -2.5581978e-04
   1.1978315e-02  -1.4065729e-01  -8.2134985e-02   1.9077262e-03  -8.7181236e-04  -2.7476181e-04
   2.2561316e-02  -9.7777437e-03  -2.8933612e-02   5.5052503e-04  -6.6835543e-04  -1.5316141e-04
   1.6707131e-02  -1.2894711e-01  -6.2053756e-02   1.5877247e-03  -1.0484512e-03  -2.2361533e-04
   1.5759936e-03  -3.5928347e-02  -9.2410958e-02   1.0337591e-03  -9.6904223e-04  -1.7370258e-04
   2.6043858e-02  -3.9502835e-02  -3.8537936e-02   7.7768143e-04  -1.0595978e-03  -1.4128783e-04
   7.8698793e-03  -1.3946364e-01  -1.0814084e-01   1.0621420e-03  -1.3428110e-03  -1.2026174e-04
   5.4682210e-02  -2.5489406e-02  -2.8186611e-02  -4.4423967e-05  -7.1882467e-04  -1.2899073e-04
  -1.9804004e-02  -1.4871348e-01  -7.3137958e-02   1.1805245e-03  -1.0288333e-03  -3.7622597e-04
   2.1586054e-02  -4.4555635e-02  -4.1792901e-02   5.8387026e-04  -9.4106266e-04  -1.8933338e-04
   1.4376567e-02  -5.4212730e-02  -3.1318071e-02   4.6214901e-04  -9.1070156e-04  -9.3962813e-06
   4.5975905e-03  -8.4316650e-02  -8.6908291e-02   1.1919612e-03  -1.1998124e-03   4.5970289e-05
   1.2147082e-02  -1.5801963e-02  -2.5018597e-03   4.7285081e-04  -5.3913374e-04   2.0859986e-04
  -8.7173872e-03  -1.5402858e-01  -7.6280865e-02   1.2366246e-03  -7.7099156e-04   1.8858049e-04
   1.7117808e-02  -8.0981509e-02  -6.4230986e-02   8.1151793e-04  -8.6937955e-04   3.8789601e-04
   1.7512607e-02  -8.8642254e-02  -6.4323996e-02   8.2437972e-04  -5.2760409e-04   2.3943244e-04
  -2.1195159e-02  -1.3591278e-01  -1.6414941e-01   9.3427819e-04  -5.9764636e-04   2.8613374e-04
   9.0308151e-03  -2.5602696e-02  -5.2208532e-02   1.8398834e-04  -2.6953300e-04   4.2261676e-04
  -2.9754828e-02  -1.0858401e-01  -9.3128870e-02   1.0235809e-03  -2.4992044e-04   2.2721205e-04
   4.6310751e-03  -6.8002863e-02  -1.3680439e-01   9.0087828e-04  -7.1896847e-04   3.9155030e-04
   2.7910242e-02  -1.3470081e-02  -3.9067337e-02   3.8248739e-04  -2.9676674e-04   3.5825949e-04
  -2.6753981e-02  -1.4034082e-01  -1.3052112e-01   1.4566652e-03  -4.0872250e-04   4.4242451e-04
   2.7562008e-02  -2.7227184e-02  -5.5532208e-02   1.7135464e-04  -1.9387334e-04   4.9439408e-04
  -9.4484662e-03  -1.2835233e-01  -5.4930034e-02   9.7033231e-04  -9.5040827e-05   2.7110452e-04
  -1.0652313e-02  -1.0740719e-01  -8.5614785e-02   7.6397500e-04  -4.7367212e-04   3.1763772e-04
  -2.7194399e-04  -5.1670589e-02  -3.3322641e-02   6.1929789e-04   2.3611128e-05   2.9601143e-04
  -3.0105459e-02  -1.0975054e-01  -1.0190681e-01   8.9485530e-04  -3.0281005e-04   3.9899310e-04
  -4.1397429e-03   9.4920179e-03  -7.8368383e-02   3.3524201e-04  -2.6154335e-04   6.6513877e-04
  -3.0386116e-02  -1.1928606e-01  -1.3785402e-01   1.1312066e-03  -3.3994753e-04   5.1810637e-04
  -1.4427190e-02  -1.8597301e-02  -9.1838837e-02   2.8948573e-04  -4.6302882e-05   4.6086458e-04
   3.3036260e-03  -9.8109104e-02  -8.9711584e-02   8.8557085e-04  -4.0211539e-06   4.1035806e-04
  -9.6773267e-03  -1.3198129e-01  -1.4122626e-01   9.8715536e-04   5.6750841e-04   5.6439276e-04
  -7.9132063e-03  -8.9668768e-02  -1.3584413e-01   7.6472432e-04   2.7142700e-04   5.8633289e-04
   2.9866304e-03  -3.2015542e-02  -3.4308397e-02   7.6547903e-04   1.5312707e-04   4.3466727e-04
  -2.0323849e-02  -1.2781536e-01  -9.8113963e-02   1.4980517e-03   5.0453160e-04   2.8883245e-04
  -4.3613508e-02  -1.6119395e-03  -6.7399978e-02   8.2467546e-04   5.1594771e-05   4.1266033e-04
  -1.4458369e-02  -6.1382529e-02  -5.6402647e-02   7.8485074e-04  -7.5763079e-06   2.9531243e-04
  -2.3243208e-02  -1.2431596e-01  -9.2009979e-02   1.3184369e-03  -4.9246040e-04   4.2734130e-04
   3.3176592e-02  -4.8968632e-02  -4.2960014e-02   2.7951929e-04  -2.6860097e-04   4.0794147e-04
   2.9532826e-04  -1.4342301e-01  -9.6127734e-02   5.2282400e-04  -3.4201488e-06   1.0511078e-04
   1.1738888e-02  -9.7528638e-02  -1.1545543e-01   8.1871117e-04  -2.0094448e-04   1.8494103e-04
   2.0431706e-02  -5.1308111e-02  -4.7083713e-02   5.2602079e-06  -4.1020480e-04   2.5961931e-04
   3.2183753e-03  -1.3788921e-01  -1.1952963e-01   8.0787089e-04  -4.6253028e-04   2.3078971e-04
   1.9628040e-03  -3.4450128e-02  -1.2775546e-01   9.7904242e-04  -5.2375324e-04   4.7629059e-04
   3.0003266e-02  -1.2946411e-02  -8.0513985e-02   3.1143689e-04  -6.7930314e-04   4.0186464e-04
   1.7013400e-02  -1.5374051e-01  -1.3408759e-01   1.4801049e-03  -7.1954910e-04   3.4985953e-04
  -5.3743069e-03  -4.7873670e-02  -6.2438149e-02   6.2699152e-04  -4.2344875e-04   3.6408584e-04
  -4.5690155e-03  -9.6803459e-02  -8.1776117e-02   4.5807594e-04  -5.3199820e-04   2.8311613e-04
   2.4659871e-03  -1.2813488e-01  -1.2268448e-01   9.9044531e-04  -3.3016125e-04   2.2113257e-04
   1.7252410e-02  -6.1716348e-04  -4.2649187e-02   5.2920054e-04  -5.3310442e-05   4.4484000e-04
  -3.2815032e-02  -9.0096199e-02  -1.0556643e-01   1.0932324e-03  -1.0796424e-04   4.1600974e-04
  -2.6039428e-02  -1.0132389e-01  -1.4138005e-01   1.1965879e-03  -1.9851208e-04   5.0133885e-04
  -7.2104948e-03   1.8564851e-03  -9.6570061e-02   9.5184993e-04  -4.0591087e-04   5.7563719e-04
  -1.2668381e-02  -1.0416506e-01  -8.8612224e-02   1.4094914e-03  -1.7499545e-04   4.7048458e-04
   2.0062472e-03  -1.3308671e-01  -1.3562181e-01   1.3663166e-03  -2.8362553e-04   5.7120877e-04
  -1.7427219e-04  -3.9099645e-02  -4.1384826e-02   6.7276378e-04   8.6865679e-05   4.5794721e-04
  -3.2963787e-02  -1.7771917e-01  -1.0471789e-01   1.7862618e-03  -4.1157161e-04   3.6192918e-04
   2.8542956e-03  -3.4334939e-02  -7.0076775e-02   1.1508181e-03  -2.0393227e-04   5.3317618e-04
  -9.4296075e-03  -8.3391876e-02  -6.0695486e-02   1.4868979e-03  -3.5006754e-04   5.0532020e-04
   1.1316523e-02  -1.2504399e-01  -1.0966208e-01   1.7647275e-03  -5.6628229e-04   4.7133743e-04
  -6.9037287e-03  -6.6354205e-02  -1.0561584e-01   1.0221228e-03  -2.8131721e-04   4.8270622e-04
  -4.1680564e-03  -6.2559679e-02  -7.1768538e-02   7.7789862e-04  -2.3628438e-04   4.4879075e-04
  -1.3284236e-02  -1.8882133e-01  -1.3654947e-01   1.7337474e-03  -2.1976884e-04   4.5193556e-04
   6.4024423e-03  -7.6522279e-02  -4.7839343e-02   7.9024822e-04  -3.6336831e-04   1.5113470e-04
   3.5385099e-02  -1.0587475e-01   1.4421919e-02   4.7156424e-04  -1.1644936e-03  -4.0415656e-04
   1.9070321e-02  -1.4762932e-01  -1.4699065e-01   1.7163724e-03  -9.6287534e-04  -3.8396337e-05
   7.3749002e-03  -4.8370701e-02  -7.4080295e-02   1.0272998e-03  -1.0841485e-03   1.7650916e-04
   2.0453022e-02  -9.2392104e-02  -7.4120827e-02   9.6472676e-04  -1.1581060e-03   8.9963249e-05
   9.5340508e-04  -1.3021561e-01  -1.5561751e-01   1.7800350e-03  -1.2196222e-03   4.0253627e-04
   2.9664189e-02  -1.7012620e-02  -7.8151929e-02   4.2934594e-04  -1.0738221e-03   3.1149429e-04
   2.7104374e-02  -1.5785379e-01  -1.0028457e-01   9.1388057e-04  -1.0007351e-03   1.9940229e-04
   3.3090932e-02  -1.2341112e-01  -1.4398756e-01   1.4341585e-03  -1.3304686e-03   2.3427162e-04
   3.8014493e-02  -6.7532641e-02  -5.8962466e-02   1.8104057e-04  -9.1749293e-04   5.5768704e-05
   8.9280892e-03  -8.5061413e-02  -6.7755314e-02   5.1250135e-04  -1.3939230e-03   4.7016089e-06
   1.6665700e-02  -1.0992033e-01  -1.5869831e-01   1.5630190e-03  -1.5986115e-03   1.6096300e-04
   2.9202062e-02   1.6019994e-02  -8.0020773e-02   6.9687997e-04  -1.3717491e-03   2.8608661e-04
   5.6542828e-03  -1.2002017e-01  -1.2867080e-01   1.3312567e-03  -1.8343946e-03  -1.3080147e-04
   2.5703525e-02  -6.6666863e-02  -1.3319662e-01   1.2270699e-03  -1.6038811e-03  -4.8657891e-05
  -1.3438282e-02  -7.6838650e-02   2.0330151e-02   4.2654196e-04   2.5432618e-03   3.2736237e-04
  -6.7218777e-02  -1.6606401e-01  -1.1505658e-02   1.5655353e-03   2.5142184e-03   1.9232087e-04
  -4.0231907e-02  -8.0056657e-02  -3.8748506e-02   1.2343587e-03   2.0918933e-03   3.5241508e-04
  -3.6416834e-02  -5.6081648e-02   8.4023864e-03   6.5378050e-05   2.6364719e-03   4.6087334e-04
  -6.5277108e-02  -1.2058652e-01  -4.5396139e-02   1.4853693e-03   2.3445273e-03   4.0996751e-04
  -4.4032296e-02  -5.6950305e-02  -6.1771942e-03   1.1166503e-03   2.5922551e-03   5.0681467e-04
  -6.9618414e-02  -5.7014016e-02   3.3915370e-02   8.3190984e-04   3.0279705e-03   4.2676574e-04
  -6.4398276e-02  -1.5548766e-01  -2.9632700e-02   1.7023180e-03   2.4327602e-03   4.1262924e-04
  -5.8965814e-02  -6.6168280e-02   4.1875903e-03   2.9474951e-04   2.8041085e-03   4.8054368e-04
  -5.5257032e-02  -1.3551822e-01  -1.5837027e-02   5.4621008e-04   2.4662311e-03   3.2030768e-04
   1.8988772e-02  -1.2562330e-01  -1.2165400e-01   1.4624575e-03  -6.8771640e-04   1.7342869e-04
   1.9881569e-02  -4.3524896e-02  -5.4011789e-02   5.0284206e-04  -7.3505276e-04   3.4387834e-04
   4.3357568e-03  -9.7550006e-02  -8.8736224e-02   6.2530890e-04  -7.8720350e-04   3.2388374e-04
  -2.3229253e-03  -1.1749318e-01  -1.5395147e-01   1.6511874e-03  -1.2758752e-03   6.5473782e-04
   6.8259746e-03   2.0729188e-02  -6.7601044e-02   4.4047529e-04  -1.0250973e-03   7.1895422e-04
  -3.6164640e-03  -1.3408034e-01  -1.2704772e-01   1.1603935e-03  -1.3939334e-03   4.1219377e-04
   2.0534305e-02  -8.9144936e-02  -1.0722457e-01   1.2119966e-03  -1.2041655e-03   3.6904720e-04
   6.9590020e-03  -1.0240220e-01  -9.0856889e-02   1.2935776e-03  -1.0288828e-03   4.3297134e-04
   1.2406704e-02  -9.9398610e-02  -6.9812270e-02   8.3638505e-04  -9.8076035e-04   4.8724385e-04
  -6.1587238e-04  -9.0248649e-02  -8.5619541e-02   6.8140564e-04  -7.5446222e-04   6.9803572e-04
  -3.8171449e-03  -1.2049264e-01  -1.4119834e-01   1.8520302e-03  -1.1028627e-03   7.2023950e-04
   3.0954530e-02  -3.0443291e-02  -6.8960801e-02   8.8085574e-04  -9.9810901e-04   5.9254682e-04
   1.2657802e-03  -1.4556346e-01  -1.5062557e-01   1.4588519e-03  -9.5540741e-04   5.8154754e-04
   2.4118907e-02  -6.3554353e-02  -8.6989275e-02   9.2361946e-04  -1.0714739e-03   7.1595076e-04
  -1.9047571e-02  -9.5996434e-02  -7.5124792e-02   8.3767502e-04  -6.3026748e-04   5.0161985e-04
  -1.3823073e-02  -1.4109900e-01  -1.5854809e-01   1.3616745e-03  -9.2355195e-04   6.2716093e-04
   9.1036728e-03  -2.5360656e-02  -6.9236184e-02   5.2465242e-04  -6.5184367e-04   6.4380070e-04
  -1.4812065e-02  -1.3933554e-01  -1.0507123e-01   1.2198656e-03  -8.1751743e-04   4.8763546e-04
   6.6592422e-03  -6.2635264e-02  -1.0345235e-01   1.4575076e-03  -1.1322571e-03   6.5518682e-04
   1.3568497e-02  -5.7206149e-02  -6.5831264e-02   1.0684819e-03  -9.2880278e-04   6.6384027e-04
  -2.0658321e-02  -1.4246377e-01  -1.1854276e-01   1.9797175e-03  -1.0728830e-03   4.5096678e-04
   1.7155131e-02  -5.8706686e-02  -4.4498506e-02   3.7981675e-05  -7.5170094e-04   4.5174035e-04
  -1.1855812e-02  -1.4988586e-01  -6.6322054e-02   9.8355849e-04  -8.6653540e-04   3.8950985e-04
   2.1588045e-03  -1.0857751e-01  -8.1155242e-02   1.1939851e-03  -9.7718353e-04   5.5605390e-04
   2.1393458e-02  -9.1419897e-02  -6.3016357e-02  -7.8612905e-05  -5.0746066e-04   4.8101028e-04
  -9.6997681e-03  -1.6321931e-01  -1.2103657e-01   1.3061895e-03  -7.0198491e-04   5.2564583e-04
   1.7652652e-02  -5.9244734e-02  -7.2003435e-02   6.3244417e-04  -6.2571604e-04   7.3350352e-04
   7.3786677e-03  -8.9126231e-02  -7.3448965e-02   5.9580050e-04  -6.6586410e-04   8.0774383e-04
  -6.8546542e-03  -9.9351414e-02  -1.1225375e-01   1.2143564e-03  -3.1316849e-04   8.0534098e-04
  -2.0242911e-02  -9.1412716e-02  -1.6449878e-01   1.3949347e-03  -5.0972609e-04   4.9332638e-04
   8.4568130e-03  -9.8832471e-02  -1.9352375e-01   7.0472018e-04  -5.4854761e-04   5.6524440e-04
  -5.5032911e-03  -5.5002325e-02  -9.9192598e-02   6.5204866e-04  -5.6538274e-04   4.3125762e-04
   1.0538919e-02  -1.7234876e-01  -1.3543669e-01   1.4014246e-03  -6.9682367e-05   1.4212447e-04
  -3.8472875e-02  -8.0465066e-02  -1.7866439e-01   1.0492955e-03  -1.3275004e-04   4.7071610e-04
   7.6925487e-03  -3.2266581e-02  -8.1643923e-02   1.1078122e-03  -3.5284802e-04   4.9883117e-04
  -1.5139946e-02  -1.4179589e-01  -1.1810768e-01   1.0996638e-03  -1.2812070e-04   4.1346267e-04
  -1.5820505e-03  -7.7486259e-02  -1.2690321e-01   8.7201145e-04  -7.2841552e-04   6.1733463e-04
   1.7110374e-02  -5.4561956e-02  -7.8846651e-02   5.4677155e-04  -4.5242857e-04   5.6212707e-04
   4.3903910e-03  -1.5390197e-01  -1.4927867e-01   1.1720268e-03  -8.9239466e-04   5.9318826e-04
   3.0327578e-02  -6.2889542e-02  -1.1149752e-01   1.3722149e-04  -5.8730746e-04   6.5263281e-04
   2.2187693e-02  -7.5555603e-02  -9.8212848e-02  -6.5467966e-05  -1.6491217e-04   4.7980429e-04
  -3.7078426e-03  -1.1755008e-01  -2.4082510e-01   7.8686278e-04  -2.7509086e-04   4.1004071e-04
   9.3967338e-04  -1.6026765e-02  -1.7192833e-01   3.9130776e-04  -4.8779395e-04   5.5835407e-04
   2.5390980e-03  -3.2633773e-02  -7.7480189e-02   3.2618095e-04  -4.9681996e-04   6.0786044e-04
  -4.7833288e-03  -1.0864135e-01  -1.4472370e-01   1.3649358e-03  -8.7837698e-04   5.6051886e-04
  -1.5655233e-02  -3.5272877e-02  -1.5263774e-01   9.5296792e-04  -9.8644755e-04   6.9357577e-04
   1.3177623e-02  -4.6787625e-02  -8.1301930e-02   1.9708842e-04  -4.7893092e-04   6.2743750e-04
  -2.5536039e-02  -1.4051677e-01  -1.6095635e-01   8.2674533e-04  -7.1674318e-04   6.8710901e-04
  -2.7035810e-02  -6.5215783e-02  -2.0899391e-01   7.6093293e-04  -8.1263740e-04   9.2067413e-04
  -6.1302171e-03  -4.0992817e-02  -1.1848459e-01   3.5483015e-04  -7.9480435e-04   8.1071090e-04
  -2.0190435e-03  -1.3528626e-01  -1.6810693e-01   8.4796036e-04  -9.7009520e-04   7.0237973e-04
  -5.7817995e-03  -5.6848349e-02  -1.8512991e-01   9.4235725e-04  -9.5493797e-04   9.5590797e-04
   1.1495902e-02  -2.6617403e-02  -1.3038306e-01  -3.7216607e-04  -8.4402762e-04   1.0188565e-03
  -1.4405280e-02  -1.3464037e-01  -1.6653893e-01   1.1456218e-03  -1.2064946e-03   8.0345002e-04
  -8.8596629e-03  -4.5631853e-02  -1.3326268e-01   2.3529313e-04  -9.8185153e-04   7.9633145e-04
   1.3573861e-02  -1.2089187e-01  -1.2935997e-01   4.9496408e-04  -9.4050884e-04   5.4947103e-04
   2.5087744e-03  -1.1425592e-01  -1.6271951e-01   1.0367506e-03  -1.3179177e-03   6.1974428e-04
   6.7551446e-03  -1.8922585e-02  -1.1332567e-01  -1.0368580e-04  -6.3138348e-04   8.9605172e-04
  -9.9191178e-03  -1.2136050e-01  -1.6887343e-01   1.2946782e-03  -1.0084989e-03   8.7599466e-04
   7.1509034e-04  -2.8627864e-02  -1.4042136e-01   7.0445574e-04  -8.9513985e-04   8.9037742e-04
   8.6292147e-03  -8.7464771e-02  -1.2748530e-01   4.3436217e-04  -9.8420353e-04   7.6053421e-04
   7.4580715e-04  -1.2029474e-01  -1.8651218e-01   1.0296096e-03  -1.0937165e-03   9.3694061e-04
   1.8922917e-02  -4.3548772e-02  -1.2368930e-01  -6.2740218e-05  -8.7044006e-04   8.3729776e-04
  -1.1532796e-02  -1.5778000e-01  -1.8158202e-01   9.7071106e-04  -9.6300039e-04   8.8916039e-04
  -4.4928525e-03  -6.5886620e-02  -1.2267139e-01   4.8675126e-04  -1.0665060e-03   9.0544285e-04
   3.1762826e-03  -6.4611581e-02  -1.0889419e-01  -1.2004777e-04  -7.8459647e-04   6.9691530e-04
  -2.0105921e-02  -1.0973436e-01  -1.7852626e-01   1.0379874e-03  -1.0350826e-03   8.0586115e-04
   7.9798355e-03   2.9282536e-02  -1.1077524e-01   4.0681180e-05  -8.2925218e-04   9.5996157e-04
  -1.0672834e-02  -9.2340115e-02  -1.6733546e-01   1.0356968e-03  -9.1166451e-04   1.0522505e-03
   1.6354220e-02  -5.6185402e-02  -1.3511680e-01   5.9444327e-05  -8.0632560e-04   1.0852316e-03
  -7.6959791e-03  -9.8477011e-02  -1.5128124e-01  -4.0702136e-05  -1.0103701e-03   8.4611344e-04
   1.3608936e-02  -1.2872384e-01  -2.0053922e-01   7.4739650e-04  -9.9908821e-04   9.0131754e-04
   2.3653721e-03  -1.2942734e-02  -1.1509343e-01  -4.6442519e-04  -9.7008726e-04   9.3866179e-04
   2.1297960e-03  -1.2847531e-01  -1.5262000e-01   7.2461968e-04  -1.1260154e-03   9.1769706e-04
  -4.7532843e-03  -4.7921463e-02  -1.4068467e-01   6.7009314e-04  -1.3150797e-03   9.0471897e-04
   9.6282403e-03  -3.5435508e-02  -1.0713116e-01  -2.0489799e-04  -1.3190319e-03   9.4915985e-04
  -2.6083004e-02  -1.1899414e-01  -1.9031800e-01   7.4011926e-04  -1.2790310e-03   1.0009660e-03
   9.0039816e-03   4.3174433e-03  -1.3187677e-01  -7.8147713e-05  -1.4950856e-03   1.1708686e-03
  -1.6795902e-02  -1.2179068e-01  -1.5233314e-01   2.7679945e-04  -1.6503462e-03   1.0027504e-03
  -8.0580655e-03  -9.5882492e-02  -1.4672709e-01   3.2802411e-05  -1.7343578e-03   9.5299238e-04
   1.6966323e-02  -5.1349366e-02  -1.0078564e-01  -1.0008655e-03  -1.2612814e-03   7.8707240e-04
  -9.2182440e-03  -1.1163052e-01  -2.4974975e-01   3.2195485e-04  -1.6187205e-03   1.1161010e-03
   2.1204135e-03  -2.1684225e-02  -2.0196671e-01  -3.2921546e-05  -1.8015209e-03   1.3458120e-03
   1.8038030e-02  -4.3480329e-02  -1.5314215e-01  -1.1016653e-04  -1.3596883e-03   9.3428696e-04
  -1.7566697e-02  -9.0870896e-02  -2.5628835e-01   1.5959049e-04  -1.1404781e-03   1.0701547e-03
   3.9923519e-03  -4.0667568e-02  -2.4307520e-01  -5.4694841e-04  -1.8215843e-03   1.2882655e-03
   3.3117723e-02  -3.6766605e-02  -1.6258469e-01  -1.6846659e-04  -1.0943990e-03   9.6894476e-04
  -3.3918917e-04  -1.5766657e-01  -2.0765635e-01   6.2631279e-04  -1.3387473e-03   8.0828556e-04
   1.5754523e-02  -8.0658154e-02  -2.2936176e-01   3.8825188e-04  -1.6136709e-03   4.1843125e-04
   1.9530032e-02  -4.6229304e-02  -2.0000451e-01   9.3726298e-05  -1.7368079e-03   4.2694832e-04
   3.0214385e-02  -5.0821115e-02  -1.5523019e-01   1.6925231e-04  -1.3630428e-03   4.8654217e-04
   1.5769043e-02  -1.1436862e-01  -2.4776159e-01   4.1312347e-04  -1.4082823e-03   2.5400661e-04
  -3.2578827e-03  -5.5019783e-02  -2.5864324e-01  -4.5534250e-05  -1.6415724e-03   5.4115509e-04
   2.8459732e-02  -3.4870470e-02  -1.5534033e-01  -4.4932837e-04  -1.8008563e-03   4.1481208e-04
   1.2150094e-02  -1.7762351e-01  -1.9577666e-01   7.3115280e-04  -1.4385795e-03   3.4632723e-04
  -3.9103587e-02  -9.5262186e-02  -1.8770487e-02   9.9236487e-04   1.5642826e-03   5.4619864e-05
  -3.4470669e-02  -9.3958756e-02   5.2721603e-02   3.0619215e-04   1.8250427e-03   9.1124143e-05
  -4.2954328e-02  -1.7096718e-01  -4.3266134e-02   1.6869090e-03   1.6760820e-03   1.4387204e-04
  -2.0835563e-02  -3.1969075e-02   1.9523889e-02   5.3656470e-04   1.5529091e-03   1.8539285e-04
  -4.0334239e-02  -1.0127322e-01   1.8829109e-03   1.1736288e-03   1.9246104e-03   2.3384628e-04
  -5.4218312e-02  -1.0942814e-01  -8.3070373e-02   1.3874815e-03   1.5386568e-03   4.2378314e-04
  -3.8861789e-02  -2.7533678e-02   1.6995213e-02   3.0686808e-04   1.6042992e-03   4.6443264e-04
  -5.2722048e-02  -1.6881079e-01  -2.8231314e-02   1.3490911e-03   1.5620441e-03   1.8177277e-04
  -5.1626287e-02  -1.2221509e-01  -7.6944113e-02   1.3107827e-03   1.3387417e-03   2.6257365e-04
  -4.3270977e-02  -8.1672800e-02   4.1125580e-02   1.1538641e-03   1.3405644e-03   2.4844158e-04
  -7.1471805e-02  -1.8496146e-01   4.6743041e-02   8.6617293e-04   2.2173264e-03  -5.5342019e-04
  -7.1968975e-02  -5.8595223e-02   1.5763038e-03  -5.2077412e-04   2.9026567e-03  -2.8795117e-04
