   0.0000000e+00   0.0000000e+00   0.0000000e+00   0.0000000e+00   0.0000000e+00   0.0000000e+00
   1.4320578e-03   5.2621186e-02  -2.3442307e-02  -6.9315232e-04  -5.3196671e-04  -4.1532299e-04
   2.9460227e-03   3.0539299e-02  -5.1664940e-04  -2.7497770e-04  -4.1697239e-04  -4.5258018e-04
   2.2570825e-02   6.3507383e-02   2.6349388e-02  -3.3784758e-04  -4.4689505e-04  -3.4553176e-04
   2.0052836e-02   6.0865020e-02   2.2053067e-02  -5.5932713e-04  -2.8443606e-04  -1.2949309e-04
   5.9076209e-03   5.8938551e-02   1.3065731e-03  -1.1486127e-04  -4.2343786e-05  -7.0737757e-05
   1.5771836e-04   4.4469811e-02   5.7327541e-02  -2.8622743e-04   3.3659323e-04   8.8791464e-05
  -6.1878192e-03   5.0754167e-02   1.5667499e-01  -6.9621156e-04   2.9372634e-05   4.8301860e-04
  -1.4584276e-02   1.3302743e-02   1.0497462e-01  -5.3380395e-04  -8.3515631e-05   6.1669807e-04
  -1.7677917e-02   6.2847467e-02   1.2063858e-01  -4.9314328e-04  -6.9048042e-05   3.1839665e-04
  -6.4232801e-03   4.4770589e-02   1.3823533e-01  -7.4930303e-04  -3.5819247e-05   4.4140141e-04
  -2.2370326e-02   8.8047080e-02   1.3414119e-01  -7.3914179e-04  -1.0872522e-05   4.9244737e-04
  -1.4908864e-02   8.3207299e-02   1.1505978e-01  -6.8743047e-04   2.4870768e-04   5.5116520e-04
  -1.8073854e-02   7.4924351e-02   1.2130564e-01  -3.7004757e-04   2.4871938e-04   3.5805940e-04
  -5.3631523e-02   1.0219868e-01   1.6102135e-01  -3.4467220e-04   2.1650279e-03   1.1307526e-03
  -1.0678015e-01  -3.9769581e-03   2.1326558e-01  -1.0430921e-03   3.5619898e-03   1.3957791e-03
   2.2977876e-02   5.8440316e-02   4.6450556e-02  -1.7374077e-03  -1.9148664e-03  -1.2622265e-03
   4.8188236e-02   7.9200887e-02   1.6181215e-03  -1.6754426e-03  -1.5491396e-03  -1.0412032e-03
   3.5692664e-02   8.5944048e-02   1.4681112e-02  -1.5248652e-03  -1.8294944e-03  -1.1297442e-03
   4.6438402e-02   1.0053167e-01   1.0323888e-02  -1.5028004e-03  -1.4638719e-03  -1.1549159e-03
   5.2145490e-02   9.3156602e-02   1.7765870e-02  -1.0648274e-03  -1.5243228e-03  -1.1516355e-03
   4.1250265e-02   7.9635955e-02   5.1829762e-02  -6.5084907e-04  -1.1431479e-03  -8.7676268e-04
   3.7529621e-02   5.2542761e-02   4.3106488e-02  -1.1631814e-03  -1.1716403e-03  -8.2943646e-04
   3.7868040e-02   7.1060807e-02   3.5417086e-02  -1.2417371e-03  -1.1425006e-03  -8.1460161e-04
   3.2550030e-02   3.4953262e-02   2.3211604e-02  -1.1945189e-03  -1.2533887e-03  -9.3426522e-04
   3.4777135e-02   4.2434503e-02   3.0354895e-02  -1.1331042e-03  -1.0957019e-03  -8.3586296e-04
   2.4677731e-02   9.0485349e-02   2.8565496e-02  -1.0442391e-03  -1.0685083e-03  -8.1801651e-04
   3.1258207e-02   6.4925010e-02   2.8036237e-02  -9.4609242e-04  -1.0486186e-03  -8.7851672e-04
   2.6798521e-02   1.0570390e-01   5.3641506e-02  -7.5262058e-04  -1.1996625e-03  -7.0649739e-04
   3.6760939e-02   1.2426968e-01   5.6069250e-02  -1.0092064e-03  -9.9505143e-04  -8.8185892e-04
   2.0649662e-02   5.1254158e-02   3.6326639e-02  -1.0152414e-03  -7.7813415e-04  -7.7084538e-04
   2.8670039e-02   3.5713029e-02   6.3010714e-02  -9.7944723e-04  -7.4111160e-04  -6.6624651e-04
   2.7076831e-02   5.3731122e-02   5.8876369e-02  -1.3492675e-03  -7.9971243e-04  -7.6084045e-04
   1.1894811e-02   2.4393149e-02   4.2774388e-02  -1.4065007e-03  -7.4030364e-04  -7.6870275e-04
   1.6471017e-02   6.0519846e-02   5.3685226e-02  -1.0012779e-03  -8.1726273e-04  -7.7658028e-04
   1.9867502e-02   9.6900292e-02   7.0155262e-02  -9.3740259e-04  -7.8699765e-04  -6.3421037e-04
   1.6582153e-02   5.0283208e-02   7.3299854e-02  -9.4911859e-04  -9.0627900e-04  -7.8861301e-04
   3.0709263e-02   8.0157167e-02   7.9351223e-02  -8.8633201e-04  -8.3160876e-04  -5.9162259e-04
   2.5911478e-02   8.5462174e-02   1.2707057e-01  -1.6375307e-03  -2.9124559e-04  -5.2988657e-04
   3.5984270e-03   7.7546171e-02   1.9710205e-01  -2.0419065e-03   4.2488048e-04  -2.4635262e-04
   9.3700038e-03   8.9669597e-02   1.7820676e-01  -2.0405160e-03   3.1755501e-06  -2.3629851e-04
   4.8456914e-03   8.2438665e-02   1.3104596e-01  -2.4550838e-03   1.1459156e-05  -2.2778546e-04
  -2.0286852e-02   7.4206239e-02   1.2170408e-01  -1.8962754e-03   2.7234384e-04  -2.8634742e-04
  -3.7988910e-03   1.3511024e-01   1.4938307e-01  -1.7282479e-03  -4.5890884e-05  -2.7174009e-04
  -9.6865236e-03   1.0195680e-01   1.3121484e-01  -1.8676303e-03   3.9715619e-05  -2.5190895e-04
  -3.3257085e-03   1.2073611e-01   1.3231602e-01  -1.7870656e-03   6.9441019e-05  -1.4685361e-04
  -1.3597686e-02   8.1994939e-02   1.2653615e-01  -1.5790451e-03   2.6192058e-04  -1.4444042e-04
  -9.2598247e-03   6.8337507e-02   1.4796320e-01  -1.8711420e-03   3.2677789e-04  -2.1392706e-04
  -9.3399409e-03   1.1084704e-01   1.4369595e-01  -1.9788082e-03   1.4335338e-04  -2.9069629e-04
  -7.3760864e-03   9.4169403e-02   1.3753366e-01  -1.8539212e-03   6.0811910e-05  -1.9140084e-04
  -2.1184797e-02   1.1171811e-01   1.5602098e-01  -1.5476753e-03   2.7197473e-04  -1.8656976e-04
  -1.4723941e-02   1.1883134e-01   1.6949176e-01  -1.3441228e-03   2.5594150e-04  -2.5891258e-04
  -9.1995332e-03   1.1297199e-01   1.8158917e-01  -1.5242262e-03   2.2734597e-04  -4.5483821e-04
  -8.9954777e-03   1.2858994e-01   1.4661354e-01  -1.6922920e-03   2.1594898e-04  -2.7812279e-04
  -1.6259645e-02   8.8624300e-02   1.6073089e-01  -1.6861055e-03   2.0799775e-04  -2.4974857e-04
  -7.7010209e-03   8.3482650e-02   1.9249902e-01  -2.0958742e-03   1.5885417e-04  -3.0483730e-04
  -4.7779938e-03   8.7665990e-02   1.6056339e-01  -2.2239876e-03  -7.2607600e-05  -2.7499136e-04
  -1.8996598e-02   6.8057481e-02   1.4931162e-01  -2.0199902e-03   2.0480094e-04  -4.4200042e-04
  -1.2555270e-02   1.1656648e-01   1.4838271e-01  -1.7195095e-03   1.8105399e-04  -3.9402745e-04
  -1.2631663e-03   1.2878618e-01   1.5861158e-01  -1.6935913e-03   1.2333405e-04  -3.2170559e-04
  -1.8597531e-02   1.0481923e-01   1.6675611e-01  -1.8296141e-03   1.3058518e-04  -3.4861554e-04
  -7.9589445e-03   1.3573456e-01   1.4866257e-01  -1.8117104e-03   4.5783266e-05  -3.6588232e-04
   2.2481736e-04   8.4312330e-02   1.4389428e-01  -1.6503455e-03   4.0965200e-04  -2.3830396e-04
  -8.2109299e-03   7.0955896e-02   1.5892882e-01  -1.9263195e-03   2.9911158e-04  -4.2041374e-04
  -8.9991062e-03   1.0414725e-01   1.4868302e-01  -2.2309325e-03   2.5537662e-04  -3.6571148e-04
  -2.4279362e-03   7.2122266e-02   1.3661571e-01  -1.9153323e-03   1.4339434e-04  -4.8772551e-04
  -8.4560112e-03   7.4297434e-02   1.3842623e-01  -1.7185414e-03   1.9950760e-04  -3.2912895e-04
  -4.3372840e-03   1.1071420e-01   1.6068128e-01  -1.2304471e-03   3.8618200e-04  -3.0563807e-04
   8.0420587e-03   5.7062791e-02   1.8014436e-01  -1.0588930e-03   1.4734110e-04  -2.9559561e-04
   1.4989454e-03   1.3840799e-01   1.8523764e-01  -1.3759523e-03   1.7541769e-04  -4.0610422e-04
  -1.8856276e-02   5.7196497e-02   1.2043756e-01  -1.5303365e-03   4.6953040e-04  -1.0332935e-04
  -1.5260730e-02   6.8978235e-02   1.6647771e-01  -1.4894587e-03   3.3841356e-04  -2.5690316e-04
  -1.3031289e-02   9.9308134e-02   1.6423972e-01  -1.5440299e-03   2.6252015e-04  -2.9012001e-04
   2.8008515e-04   9.9230328e-02   1.6595692e-01  -1.8452075e-03   2.2216955e-04  -3.2307951e-04
  -1.3671691e-02   1.2320370e-01   1.6348811e-01  -1.5469997e-03   3.2000048e-04  -1.8664248e-04
  -1.0124601e-02   1.1918671e-01   1.6809810e-01  -1.5220199e-03   3.7005212e-04  -1.4494130e-04
  -1.6828259e-02   1.0250735e-01   2.0053276e-01  -1.2675916e-03   2.1906728e-04  -5.4038676e-05
  -2.1645666e-02   1.2471044e-01   1.9819019e-01  -1.3567860e-03   4.4762641e-04  -1.6552366e-04
   3.5911441e-03   1.0269347e-01   1.7498853e-01  -1.3401673e-03   1.6357179e-04   5.9209885e-05
  -6.8017355e-03   5.9928063e-02   2.5586442e-01  -1.5907694e-03   5.5002884e-04  -1.8854662e-04
  -2.2890333e-02   1.0507380e-01   2.7647922e-01  -1.0460613e-03   8.2361135e-04  -1.0077318e-04
  -2.0583773e-02   9.6314686e-02   2.9171906e-01  -1.2576603e-03   9.2332821e-04   1.6090683e-04
  -4.8928446e-02   1.2066313e-01   2.8867020e-01  -1.3532123e-03   8.9201651e-04   7.6026165e-05
  -2.5197971e-02   1.3676628e-01   2.9645839e-01  -1.2928798e-03   8.7364351e-04   1.2909796e-04
  -2.6707119e-02   1.2324012e-01   3.1515480e-01  -1.0382198e-03   9.5721016e-04   1.8338734e-04
  -4.2071973e-02   1.3956631e-01   3.2064739e-01  -1.2678443e-03   1.0761728e-03   2.1433162e-04
  -3.9658977e-02   1.1633889e-01   3.1807513e-01  -1.3360530e-03   1.0016908e-03   7.0662405e-05
  -3.0681708e-02   5.5589134e-02   3.1939523e-01  -1.2085641e-03   1.0248506e-03   3.4614890e-05
  -3.9337609e-02   6.8380640e-02   3.4473469e-01  -1.1215353e-03   8.0555716e-04   1.3989810e-04
  -1.3204883e-02   8.6846869e-02   3.1742341e-01  -1.5909197e-03   7.5220114e-04   3.1064103e-05
  -5.2881756e-02   3.8511531e-02   3.1726905e-01  -1.1925144e-03   1.1289312e-03   4.9956790e-05
  -4.7919190e-02   1.1826386e-01   3.1864215e-01  -1.0029546e-03   1.2449608e-03   3.0750598e-04
  -3.8514793e-02   1.0125141e-01   3.2061323e-01  -1.3129338e-03   1.2358954e-03   1.2904390e-04
  -2.8007690e-02   1.5345911e-01   2.8082237e-01  -1.1116271e-03   1.2081916e-03   3.2136741e-04
  -3.7783789e-02   1.0150488e-01   2.7565661e-01  -9.7779959e-04   1.5443836e-03   9.6075756e-05
  -2.2922340e-02   7.0084960e-02   3.0044269e-01  -8.3307153e-04   1.0710281e-03   2.2572639e-06
   5.4255608e-02   6.5640398e-02   7.9348040e-03  -5.2265890e-04  -1.9650973e-03  -1.1495000e-03
   7.5743765e-02   5.1034615e-02  -1.8905029e-02  -9.9041573e-04  -1.9194082e-03  -1.2710132e-03
   7.4139980e-02   7.4528529e-02   1.4512166e-02  -8.2062511e-04  -2.0152776e-03  -1.5195530e-03
   7.3438946e-02   7.2313474e-02  -1.6619563e-03  -6.7447550e-04  -1.7891926e-03  -1.5582100e-03
   6.3314483e-02   8.9220235e-02   3.0044896e-02  -4.9981458e-04  -1.7367880e-03  -1.3737797e-03
   6.7611453e-02   1.0918715e-01   1.3821058e-02  -5.2393468e-04  -1.7824760e-03  -1.5029228e-03
   3.9385238e-02   4.9120479e-02   1.6299617e-02  -6.4791678e-04  -1.6341826e-03  -1.3813248e-03
   6.4800736e-02   4.6941140e-02   1.8582638e-02  -5.8174461e-04  -1.7778035e-03  -1.3532600e-03
   5.3405538e-02   7.7002592e-02   3.2148580e-02  -7.2170039e-04  -1.5582047e-03  -1.5194957e-03
   6.8452874e-02   2.1520778e-02   6.7660172e-03  -7.4897244e-04  -1.7290469e-03  -1.5476460e-03
   6.1132448e-02   8.9901019e-02   5.2638727e-02  -1.1002695e-03  -1.3454108e-03  -1.6528218e-03
   4.9834354e-02   4.1466412e-02   7.2442334e-02  -5.6726105e-04  -1.4028604e-03  -1.4794246e-03
   7.0807200e-02   6.8976205e-02   6.2539554e-02  -5.1194284e-04  -1.7240525e-03  -1.3850974e-03
   5.3495556e-02   6.8649979e-02   2.7765033e-02  -7.3401227e-04  -1.6516082e-03  -1.3604991e-03
   6.4517917e-02   7.6393272e-02   3.0062953e-02  -4.3184478e-04  -1.5068848e-03  -1.4504827e-03
   7.0207965e-02   5.4818937e-02   3.0672686e-02  -5.3774301e-04  -1.5598858e-03  -1.3037446e-03
   5.2554918e-02   7.1062366e-02   2.9121492e-02  -3.3946003e-04  -1.6999701e-03  -1.3860741e-03
   6.2714693e-02   8.3935081e-02   1.1752202e-02  -6.1706462e-04  -1.7470678e-03  -1.5164976e-03
   6.1774294e-02   4.7036630e-02   9.5616263e-03  -8.6495294e-05  -1.8367960e-03  -1.1736468e-03
   5.5959633e-02   9.7648036e-02   3.5605204e-02  -3.4972347e-04  -1.5047275e-03  -1.4056189e-03
   4.7596389e-02   6.0363467e-02   3.7842494e-02  -2.8480433e-04  -1.5502593e-03  -1.3434961e-03
   5.2632990e-02   1.0059929e-01   2.1439610e-02  -3.3761650e-04  -1.5780252e-03  -1.1455256e-03
   6.5417155e-02   5.6961652e-02   8.8764296e-04  -4.3771490e-04  -1.5979114e-03  -1.1272570e-03
   4.1065042e-02   3.4289016e-02   8.8036895e-03  -3.4437672e-04  -1.3410707e-03  -1.0714482e-03
   4.1741576e-02   5.4176315e-02   2.0138335e-02  -4.1853971e-04  -1.4128508e-03  -1.1133332e-03
   5.5070555e-02   2.9086819e-02   4.9744428e-03  -4.7005090e-04  -1.7168669e-03  -1.2683290e-03
   4.8486917e-02   8.2671176e-02   1.5159861e-02  -3.2559533e-04  -1.4529591e-03  -1.3071628e-03
   5.4095274e-02   1.0001287e-01   2.7160765e-03  -9.2482343e-05  -1.3587334e-03  -1.1732012e-03
   6.0850424e-02   8.0849849e-02   2.6082940e-02   1.0025428e-04  -1.3757784e-03  -1.2317751e-03
   6.6254405e-02   1.0854336e-01   1.0996130e-02  -1.6771478e-04  -1.4725704e-03  -1.1546680e-03
   6.3350240e-02   3.8546914e-02   5.3795460e-03   1.2216202e-04  -1.2194318e-03  -1.0282910e-03
   4.6241341e-02   4.9449772e-02   9.4328247e-03   5.7550733e-05  -1.1399014e-03  -9.6607894e-04
   5.4087392e-02   5.3063227e-02   1.0830722e-02  -4.8304154e-04  -1.1634612e-03  -1.1566125e-03
   4.7727252e-02   5.9603932e-02   1.2028165e-02  -5.5282834e-04  -1.2096437e-03  -1.2987273e-03
   4.3663549e-02   1.0336877e-01   7.5350644e-03   1.9501308e-05  -1.3081330e-03  -1.2201900e-03
   3.5016176e-02   9.9694227e-02   4.4109122e-02   2.2925739e-04  -1.1147453e-03  -1.1787255e-03
   4.4758313e-02   8.1722974e-02   3.1993556e-02   1.2488976e-04  -1.2454797e-03  -1.1894204e-03
   4.4133260e-02   9.4063043e-02   3.8943658e-02   2.6835761e-04  -1.0669127e-03  -1.2012907e-03
   3.5643760e-02   5.7241744e-02   4.4115782e-02   1.9830064e-04  -1.0558793e-03  -1.0600929e-03
   3.3625482e-02   5.2311043e-02   6.5901706e-02  -1.6523709e-04  -1.0982315e-03  -1.1914794e-03
   4.1590925e-02   5.9566121e-02   9.1879077e-03  -6.4743358e-05  -1.1932535e-03  -9.9263673e-04
   3.1331056e-02   3.0330701e-02   4.6495896e-02   3.1984193e-04  -7.9818980e-04  -1.0755062e-03
   3.1907818e-02   6.5772406e-02   8.6083592e-02   8.9980801e-04  -1.3662059e-03  -9.5381585e-04
   4.0683022e-02   8.4553391e-02   7.5020385e-02   2.3347015e-04  -1.3385984e-03  -9.7293404e-04
   3.8143129e-02   3.0509302e-02   7.3253585e-02   6.2468770e-04  -1.2281010e-03  -1.0451614e-03
   2.7155824e-02   7.2343132e-02   8.6447037e-02   7.3519172e-04  -8.9964313e-04  -1.0785846e-03
   5.7863737e-02   5.6546463e-02   9.4124642e-02   4.8410507e-04  -1.3602167e-03  -9.0318350e-04
   5.6374125e-02   4.2453876e-02   9.4434370e-02   1.8325474e-04  -1.4531712e-03  -9.2186675e-04
   4.5422230e-02   6.4051221e-02   6.9403698e-02   6.4489237e-04  -1.4523129e-03  -9.3680217e-04
   5.0081616e-02   4.5720881e-02   1.1133628e-01   6.1295520e-04  -1.2546646e-03  -1.0076950e-03
   4.3022435e-02   7.1722539e-02   1.0782143e-01   5.6805761e-04  -1.4291941e-03  -1.2004064e-03
   3.7355209e-02   6.4478116e-02   9.3853417e-02   4.1975098e-04  -1.3495951e-03  -1.1532004e-03
   4.4849978e-02   4.3677142e-02   1.1134491e-01   5.9125011e-04  -1.3043612e-03  -1.0155678e-03
   3.9343284e-02   8.3030368e-02   1.2221374e-01   6.3865428e-04  -9.9436915e-04  -9.6196342e-04
   3.9808773e-02   2.6386207e-02   9.0843591e-02   3.9608750e-04  -1.2885196e-03  -1.0732836e-03
   5.1874500e-02   3.9612776e-02   8.0260787e-02   3.3342447e-04  -1.0839169e-03  -8.7306295e-04
   5.6137414e-02   2.4914347e-02   1.0560344e-01   3.7568861e-04  -1.4383797e-03  -9.7344170e-04
   5.1760476e-02   4.4558338e-02   8.3652085e-02   2.4223124e-04  -1.5045211e-03  -9.1856660e-04
   4.3824711e-02   2.9867868e-02   9.0121455e-02   6.7460358e-04  -1.3077997e-03  -9.5716764e-04
   4.4262370e-02   5.4818549e-02   1.1096539e-01   6.0006218e-04  -1.3205660e-03  -1.0810630e-03
   4.0330810e-02   7.0515742e-02   1.0431597e-01   6.7628990e-04  -1.3653059e-03  -9.6812626e-04
   2.6055827e-02   5.4226621e-02   9.3195993e-02   5.7292660e-04  -1.4009309e-03  -8.7727780e-04
   2.9663931e-02   6.9204972e-02   8.1512851e-02   6.5500422e-04  -1.1526950e-03  -7.0711620e-04
   3.1146512e-02   3.3584920e-02   1.0997916e-01   3.7221593e-04  -9.4954628e-04  -9.1266638e-04
   4.1210859e-02   5.9356732e-02   8.9690756e-02   7.6531834e-04  -1.1647823e-03  -8.6875451e-04
   4.6813196e-02   4.6947111e-02   9.1329584e-02   8.5356182e-04  -1.2284488e-03  -7.3414724e-04
   2.1088893e-02   3.2617762e-02   1.0914419e-01   8.9200745e-04  -1.0752422e-03  -9.5517527e-04
   6.5031533e-02   6.8319302e-02   1.2763618e-01   1.0506495e-03  -1.2198334e-03  -7.4395299e-04
   2.5844982e-02   4.7843613e-02   1.2080184e-01   1.0951720e-03  -1.2933854e-03  -8.9780308e-04
   2.7508793e-02   5.6166716e-02   1.0636351e-01   9.0902072e-04  -1.2903058e-03  -8.3730055e-04
   3.1110628e-02   2.1280059e-03   1.1766476e-01   1.0028127e-03  -1.0760412e-03  -8.1087220e-04
   2.4671931e-02   6.2999572e-03   1.1939678e-01   9.8091112e-04  -1.1764687e-03  -7.9817794e-04
   5.9685224e-02   4.2944400e-02   1.0459391e-01   9.8000499e-04  -1.3799113e-03  -7.9836296e-04
   3.8580191e-02   2.4153086e-02   1.0136805e-01   7.3148514e-04  -1.3867899e-03  -8.4863938e-04
   2.9451031e-02   4.8928198e-02   9.7937042e-02   1.2796796e-03  -1.2377563e-03  -8.9928623e-04
   3.3515979e-02   2.4877425e-02   1.3752769e-01   1.3898119e-03  -1.1794523e-03  -7.1286406e-04
   3.1261426e-02   4.4663115e-02   1.4475128e-01   1.1343399e-03  -1.3893939e-03  -1.0389125e-03
   4.7802037e-02   3.6103388e-02   1.1361454e-01   1.1683692e-03  -1.4684885e-03  -9.0398253e-04
   4.5779889e-02   2.1149695e-02   8.3196896e-02   1.2819900e-03  -1.2502784e-03  -8.3412652e-04
   3.6168819e-02   6.0792528e-02   9.0043507e-02   1.2057460e-03  -1.3681234e-03  -6.5551173e-04
   3.3416458e-02  -3.6437170e-03   7.2282717e-02   1.0943069e-03  -1.3912747e-03  -5.8225735e-04
   2.7736261e-02   5.0159847e-02   8.4672513e-02   6.5149720e-04  -1.3668218e-03  -9.5000863e-04
   2.9469695e-02   1.0992031e-02   8.7775770e-02   1.2398283e-03  -1.4002211e-03  -8.2330193e-04
   3.7361689e-02   8.7227409e-02   1.3717962e-01   1.6096185e-03  -1.2868757e-03  -8.2698035e-04
   3.2287041e-02   3.0582828e-02   1.4114563e-01   1.7788796e-03  -1.3656711e-03  -7.2048915e-04
   4.3402188e-02   5.4033388e-02   1.3633701e-01   1.4339940e-03  -1.2502999e-03  -7.4234315e-04
   2.4502430e-02  -1.2302560e-02   1.1663729e-01   1.4193423e-03  -1.0863539e-03  -6.1550734e-04
   4.0500567e-02   1.9451787e-02   1.3890256e-01   1.0943487e-03  -1.2926995e-03  -7.6407636e-04
   3.2927275e-02   2.1306975e-02   1.0446623e-01   1.3941678e-03  -1.4090948e-03  -8.3650380e-04
   2.6001482e-02   1.1054646e-02   1.4312867e-01   1.3985868e-03  -1.4523358e-03  -8.4328123e-04
   1.5910248e-02   3.2467085e-02   1.6858158e-01   2.0873452e-03  -1.0681768e-03  -9.8838627e-04
   3.7003203e-02   1.2567462e-02   1.6492808e-01   1.8209682e-03  -1.1022189e-03  -9.1602734e-04
   2.8240009e-02   1.2427101e-01   8.3503456e-02  -1.9624372e-03  -8.9034759e-04  -7.5655143e-04
   2.2064341e-02   5.5284158e-02   2.8116996e-02  -1.7423447e-03  -8.9467494e-04  -5.4450150e-04
   1.7610685e-02   1.1136842e-01   1.8801965e-02  -1.7786925e-03  -7.3447888e-04  -5.7570272e-04
   1.4209115e-02   6.5105880e-02   3.9139691e-02  -1.6411068e-03  -7.3588315e-04  -6.1942540e-04
   1.1936113e-02   9.2893196e-02   6.8629260e-02  -1.5792305e-03  -9.3989715e-04  -6.1661489e-04
   6.3326570e-03   9.9152395e-02   6.6838979e-02  -1.6346072e-03  -9.6189499e-04  -6.6466037e-04
   1.7690146e-02   7.1587725e-02   7.4284038e-02  -1.5823317e-03  -6.2399565e-04  -6.8309262e-04
   9.6876936e-03   1.0006917e-01   7.0592991e-02  -1.3754613e-03  -7.4903378e-04  -6.5973496e-04
   1.8469140e-02   4.5024922e-02   6.3989887e-02  -9.6510268e-04  -6.0966017e-04  -5.2131554e-04
   1.5753544e-02   8.2502330e-02   8.6817040e-02  -1.4492052e-03  -6.1976291e-04  -5.2899972e-04
   6.3933911e-03   8.1334677e-02   8.4645477e-02  -1.5521832e-03  -5.6904127e-04  -4.6348127e-04
   1.8883384e-02   4.4482997e-02   6.9748551e-02  -1.3585508e-03  -6.7725279e-04  -5.7893508e-04
   2.0911334e-02   8.5048529e-02   6.4730209e-02  -1.1119554e-03  -6.2891761e-04  -3.8450108e-04
   2.6676128e-02   5.9039742e-02   9.3100276e-02  -1.2412378e-03  -4.0907231e-04  -4.7672638e-04
   1.9992306e-02   9.8132982e-02   9.0165746e-02  -1.0403666e-03  -5.4846003e-04  -4.3075965e-04
   7.9819029e-03   6.7467601e-02   9.3875942e-02  -8.3465950e-04  -2.6784816e-04  -6.1960365e-04
   8.1284344e-03   9.6464273e-02   6.0380346e-02  -8.1098495e-04  -1.4126096e-04  -7.3300330e-04
   1.5272578e-02   9.5430056e-02   6.7652489e-02  -9.7341318e-04  -4.5517995e-04  -3.7800967e-04
   1.1990791e-02   7.2944827e-02   7.6656469e-02  -1.0360662e-03  -3.8807298e-04  -4.2946776e-04
   1.1577429e-02   9.5781696e-02   7.2410968e-02  -1.0167413e-03  -3.1604812e-04  -3.2911716e-04
   8.7081770e-03   6.4580211e-02   7.2842200e-02  -9.9031380e-04  -2.6251266e-04  -4.1579123e-04
   6.0873161e-03   9.5234824e-02   6.3103193e-02  -9.3611835e-04  -2.5240757e-04  -4.3651726e-04
   8.4065607e-03   5.9680042e-02   8.1424971e-02  -9.0346495e-04  -1.6549125e-04  -5.2388731e-04
  -1.5212947e-02   1.0457636e-01   9.8701060e-02  -6.9038441e-04  -2.9196799e-04  -4.5668254e-04
   2.8986814e-03   9.5788520e-02   1.0484048e-01  -6.8705902e-04  -3.5479078e-04  -6.3974555e-04
   6.7837432e-03   7.0419065e-02   9.0073884e-02  -7.0766679e-04  -3.1195197e-04  -5.6030666e-04
   8.0454658e-03   8.4500148e-02   8.1131094e-02  -9.9332192e-04   1.9600249e-05  -4.3578826e-04
  -3.6088652e-03   2.6369789e-02   8.2402123e-02  -9.3007050e-04   8.7683322e-05  -3.1806028e-04
   3.7594761e-03   8.3465497e-02   6.8728323e-02  -5.7006221e-04   3.0266994e-05  -3.5810632e-04
  -6.1201142e-04   2.1624184e-02   7.7701386e-02  -2.0199338e-04   2.7224110e-04  -1.5249986e-04
  -5.9294578e-03   9.5671108e-02   9.3267691e-02  -6.3537407e-04   2.6055379e-04  -4.7543227e-04
  -4.4178025e-03   9.4499142e-03   6.5037440e-02  -6.6565731e-04   1.2465688e-04  -2.2492526e-04
  -8.2693839e-03   9.1048919e-02   8.1036097e-02  -9.3297806e-04   4.9174188e-04  -4.2764693e-04
  -2.8379994e-02   3.0693855e-02   6.8253043e-02  -4.4028013e-04   6.0608974e-04  -3.2988862e-04
   7.9105990e-03   7.0745557e-02   9.4676760e-02  -3.6155882e-04   2.2546637e-04  -5.8360918e-06
  -2.5390481e-04   6.9016801e-02   9.4793213e-02  -3.9912968e-04   2.5552124e-04  -2.3477712e-04
  -8.8740105e-03   5.5940538e-02   9.6143325e-02  -9.0808178e-04   4.8511211e-04  -2.9060547e-04
  -6.9701239e-03   7.9332996e-02   6.7133718e-02  -7.4921416e-04   1.9025973e-04  -2.9943628e-04
  -1.5643419e-02   5.7785214e-02   9.8038906e-02  -1.4925226e-04   3.3327136e-04  -1.1395850e-04
  -1.4405598e-02   1.1544817e-01   9.6661058e-02  -2.4650616e-04   1.0562949e-04  -2.9337153e-04
   5.3262316e-03   7.3712188e-02   9.5523573e-02  -2.5068305e-04  -6.4991105e-07  -4.8150833e-04
  -1.2480689e-02   7.8755967e-02   8.9536839e-02  -2.1720080e-04   2.1439611e-04  -5.0389955e-04
  -7.2379832e-03   5.8800586e-02   9.5418536e-02   1.0027148e-04   9.0238314e-05  -4.8659872e-04
  -1.1188976e-03   2.6954609e-02   9.1470936e-02  -3.7756829e-04  -7.2137557e-05  -4.8223369e-04
  -1.5376809e-02   5.6458452e-02   7.6080541e-02  -2.4377443e-04   3.1351126e-05  -5.7645961e-04
  -8.9149309e-03   2.7931831e-02   7.2121089e-02   3.6193161e-05  -1.1628574e-04  -3.6988154e-04
  -3.6616705e-03   2.8598298e-02   1.1887289e-01   3.1991463e-04   1.3355684e-04  -5.4092394e-04
   9.6225327e-03   7.4632294e-02   1.0075088e-01   7.3122052e-05   1.4720624e-05  -3.2531042e-04
   4.5648021e-03   2.6741634e-02   7.6938244e-02   4.8694039e-05  -7.8985971e-05  -3.7152140e-04
   4.8171648e-03   7.8708870e-02   6.4686971e-02  -1.3266838e-04  -1.9236803e-04  -4.2826041e-04
   6.5091949e-03   9.8127651e-03   6.0657584e-02  -1.8385976e-04   9.0226882e-06  -2.7447329e-04
   1.4517592e-02   5.8940122e-02   5.0032843e-02  -3.6200767e-04   2.6321639e-04  -4.3591236e-04
  -1.3673254e-03  -1.2037194e-03   1.4263778e-02  -1.9241665e-04   5.2097537e-04  -3.7959759e-04
  -2.1332943e-03   8.0505523e-02   2.4584962e-02  -2.2277711e-04   3.8464287e-04  -3.7537721e-04
  -3.6027322e-03   4.7018875e-02   4.9714733e-02   2.4286507e-04   5.5329242e-04  -3.4969110e-04
   1.4880606e-02   1.1580980e-01   7.1246894e-02   5.2461707e-04   2.7413232e-04  -4.2076959e-04
  -1.1990059e-02   5.5603381e-02   1.6709798e-01   3.4448872e-04   5.7935813e-04  -3.9251628e-04
  -5.9565620e-02   5.2062494e-02   2.8499780e-01  -1.0617984e-04  -1.5870283e-05   2.1372594e-04
   1.3083433e-03   9.4339478e-02   2.6393033e-01  -1.4379595e-03  -6.1240791e-04   2.5858212e-04
  -1.0419133e-02   8.2733645e-02   2.8245377e-01  -2.0351240e-03  -3.1081380e-04   2.2285065e-04
  -3.4049072e-02   8.1024094e-02   2.5266392e-01  -1.8429446e-03  -4.9161514e-05   3.0920570e-04
  -2.2371774e-02   6.7318001e-02   2.6964460e-01  -1.8365853e-03   2.2031690e-04   4.6634408e-04
  -3.5744144e-02   7.5273246e-02   2.7210128e-01  -2.0364617e-03   7.3316860e-05   4.2263043e-04
  -2.2918473e-02   9.3318426e-02   2.8845037e-01  -1.7152669e-03   4.1000638e-04   5.0773290e-04
  -3.1513565e-02   7.7528103e-02   3.1294124e-01  -1.4783435e-03   7.9670970e-04   5.3411313e-04
  -3.0689823e-02   1.2267604e-01   3.3771817e-01  -2.0651058e-03   9.1465196e-04   4.6636307e-04
  -1.8449708e-02   6.4766617e-02   2.9170856e-01  -1.6268720e-03   5.7383273e-04   4.2487317e-04
  -1.6084997e-02   1.0803344e-01   2.9719986e-01  -1.6946686e-03   4.8554651e-04   3.2128156e-04
  -3.2749446e-02   6.8140327e-02   2.8795648e-01  -1.1711964e-03   3.1810498e-04   3.1673035e-04
   2.0645066e-02   1.1327654e-01   3.1075465e-01  -1.6819217e-03  -3.3367080e-04  -3.8804148e-04
   5.3174022e-02   3.0292888e-03  -1.9120009e-02  -1.3988109e-04  -2.4312852e-03  -1.2407992e-03
   7.5436168e-02   8.9096370e-02  -4.4655833e-02  -5.9898723e-04  -2.3043245e-03  -1.3681496e-03
   6.8885384e-02   3.5601167e-02  -4.4748288e-02   5.5215901e-04  -2.4581976e-03  -1.1233377e-03
   8.6973147e-02   9.6114134e-02   5.2920881e-03   4.7040064e-04  -2.2459226e-03  -1.1521647e-03
   8.0909463e-02   2.4979174e-02  -3.8192446e-02   6.4587486e-04  -2.7188580e-03  -1.1749929e-03
   9.7421522e-02   3.4485910e-02  -3.2528344e-02   6.4652637e-04  -2.6517483e-03  -1.4655679e-03
   7.1928481e-02  -2.8989934e-03  -4.0960813e-02   9.9243518e-04  -2.4650117e-03  -1.0847935e-03
   7.2380066e-02   3.7589510e-02   1.5117218e-03   2.3506632e-04  -2.3704300e-03  -1.1241674e-03
   5.1038955e-02   6.3618417e-02  -2.7250513e-02   6.4445536e-04  -2.4452873e-03  -1.1246656e-03
   6.4747097e-02   2.9960972e-02   1.2370923e-02   1.0216531e-03  -2.1444794e-03  -1.2445364e-03
   5.4025554e-02   7.2211051e-02   4.3162362e-02   1.1377093e-03  -1.9558907e-03  -1.1578723e-03
   6.3770786e-02   2.2023580e-02   4.8544106e-02   8.2736779e-04  -2.2641037e-03  -1.2448166e-03
   7.1915922e-02   6.5796204e-02   1.8278839e-02   2.4423450e-04  -2.0800818e-03  -1.3325973e-03
   4.3196726e-02  -3.7676315e-02  -9.3091466e-03   1.0265030e-03  -2.0254736e-03  -1.0940249e-03
   7.2451463e-02   6.0491855e-02   1.2418983e-03   7.3376748e-04  -1.8456446e-03  -1.1279716e-03
   6.9807786e-02  -2.4827287e-02   1.0861960e-02   8.0915548e-04  -2.1872422e-03  -1.1891769e-03
   9.3711240e-02   5.4008684e-02   1.8208780e-02   5.5036427e-04  -2.3537382e-03  -1.2907923e-03
   7.0021149e-02   2.1639514e-02   4.9581803e-03   1.1457616e-03  -1.9733545e-03  -1.3720944e-03
   8.3146231e-02   7.8820107e-02   1.8321377e-02   9.5307502e-04  -1.9812928e-03  -1.4329016e-03
   7.9314638e-02   4.4414976e-03   2.4561449e-02   1.4270151e-03  -2.1276492e-03  -1.3650661e-03
   8.6349802e-02   5.0378404e-02   2.2368614e-02   1.1658077e-03  -2.5256495e-03  -1.4330355e-03
   9.6095557e-02  -7.0671369e-03  -6.3851702e-03   7.9216803e-04  -2.4397573e-03  -1.4194397e-03
   8.4635743e-02  -7.8623488e-04  -5.8341400e-03   1.2434973e-03  -2.3027099e-03  -1.2346409e-03
   5.8312080e-02   1.7946495e-03   3.4816147e-02   1.2881286e-03  -1.9847246e-03  -8.1216709e-04
   5.8918451e-02   7.3035381e-02   3.9948685e-02  -4.2526128e-06  -1.9152464e-03  -1.2283312e-03
   4.9639990e-02  -2.6426624e-03   5.9479356e-02   3.2571533e-04  -1.7441173e-03  -9.7261150e-04
   3.4436733e-02   8.9221538e-02   1.3385051e-01   5.1308822e-04  -1.2760497e-03  -1.0874023e-03
   9.5584847e-03   5.3940434e-02   1.6902701e-01   7.8776216e-04  -1.2626961e-03  -1.1574755e-03
   5.6753649e-02   4.2097968e-02   1.8740258e-01   7.3063172e-04  -1.6295578e-03  -8.9124855e-04
   3.5287991e-02   1.0393923e-02   1.7446342e-01   7.4066388e-04  -7.5067657e-04  -8.7405917e-04
   2.8175331e-02  -1.5494883e-02   2.0040046e-01   7.7802691e-04  -1.1081058e-03  -9.5175558e-04
   4.7572823e-02   2.1281496e-02   1.4874080e-01   1.8005405e-04  -1.0536153e-03  -1.0255725e-03
   2.8522191e-02  -1.3479881e-02   1.6848034e-01   4.3642819e-04  -1.3153868e-03  -9.3504494e-04
   3.0812770e-02   6.1357373e-02   2.0258510e-01   7.4798668e-04  -1.0258768e-03  -8.4345567e-04
   2.9988909e-02   6.1053926e-02   2.6301557e-01   6.1450349e-04  -7.2268793e-04  -1.0261353e-03
   3.5525125e-02   1.2075594e-01   2.6588522e-01   5.6792686e-04  -5.6876745e-04  -7.4078867e-04
   1.4394106e-02   1.4382660e-02   2.5567292e-01   1.0971059e-03  -4.0822256e-04  -8.2122572e-04
   3.1214384e-03   6.4913869e-02   2.5993872e-01   2.0422294e-04  -4.0143319e-04  -9.8057618e-04
   3.0454886e-02  -1.7022981e-02   2.2420185e-01   8.8310257e-04  -8.0410402e-04  -8.2501044e-04
   2.3707872e-02   6.6244785e-02   2.0315359e-01   1.0269296e-03  -1.0724343e-03  -7.2407957e-04
   3.4258369e-02   1.6326858e-02   2.0588452e-01   1.1306691e-03  -6.2316325e-04  -1.0729782e-03
   4.0401818e-02   6.2873527e-02   2.6354240e-01   4.9210512e-04  -8.1802403e-04  -8.5022560e-04
   1.4276267e-02   2.7697143e-02   2.7010250e-01   4.7994117e-04  -1.3857617e-03  -1.0439171e-03
   2.8780387e-02   8.6896508e-02   2.9287693e-01   9.4494589e-04  -7.5124618e-04  -8.0532865e-04
   6.9006555e-03   1.1881850e-02   3.3672010e-01   1.4735949e-03  -5.4731679e-04  -9.6933943e-04
   3.9607523e-02   4.5569390e-02   3.4538650e-01   8.3943153e-04  -9.8859919e-04  -8.7090434e-04
   4.2280128e-02  -1.5431888e-02   3.1038208e-01   9.3724236e-04  -9.0042411e-04  -1.0357908e-03
   4.1683369e-02   5.6877826e-02   3.2113941e-01   5.4250573e-04  -9.0476888e-04  -1.2079151e-03
   3.2859001e-02  -9.7480735e-04   3.1022053e-01   7.5027425e-04  -8.8969885e-04  -1.1045641e-03
   2.0315551e-02   5.9064552e-02   3.3988309e-01   8.6548370e-04  -6.2831598e-04  -9.7996389e-04
   1.7824441e-02   4.9926408e-02   3.0290537e-01   1.4265997e-03  -6.9577242e-04  -7.2327544e-04
   1.4278087e-02   2.9610277e-02   3.1804537e-01   1.7096605e-03  -5.6905302e-04  -6.9572463e-04
   2.5952777e-02   4.4366961e-02   2.9468097e-01   1.3475359e-03  -4.2800661e-04  -8.3977222e-04
   2.4538716e-02   1.7260134e-02   3.0730929e-01   6.0303981e-04  -3.4282922e-04  -8.8733741e-04
   3.3188581e-02   1.9268558e-02   2.3209324e-01   1.6863130e-03  -3.2560298e-04  -7.8724264e-04
   4.1377520e-02   3.3418617e-02   2.9054691e-01   1.4135163e-03  -6.7060610e-04  -8.8869781e-04
   4.6943556e-02   8.5561591e-02  -1.8878851e-02  -1.6543148e-03  -1.6656375e-03  -8.7641409e-04
   4.9176661e-02   5.5339323e-02  -4.2187979e-02  -1.7394634e-03  -1.7515199e-03  -8.5823106e-04
   5.8211221e-02   9.4598861e-02  -5.6318891e-02  -1.4429900e-03  -1.9299813e-03  -9.0299190e-04
   4.5855772e-02   5.9967934e-02  -2.7327004e-02  -1.4347970e-03  -1.7256076e-03  -8.8029291e-04
   4.4140841e-02   7.5495469e-02  -4.0609508e-02  -9.1751915e-04  -1.9866970e-03  -9.7555746e-04
   3.5741131e-02   2.9742059e-02  -2.2312937e-02  -1.3990482e-04  -1.6336440e-03  -8.0998776e-04
   4.9855154e-02   9.9097259e-02  -5.3073264e-02  -8.2311495e-04  -1.6329363e-03  -4.9412211e-04
   5.3455783e-02   5.7331298e-02  -3.5862715e-03  -4.2489446e-04  -2.1063923e-03  -8.7641419e-04
   7.0623425e-02   8.5530416e-02   5.3152878e-02  -1.1125124e-03  -2.2485672e-03  -1.1664137e-03
   7.6011439e-02   6.8882690e-02   4.9053399e-03  -1.1830281e-03  -2.4799913e-03  -9.5610744e-04
