   0.0000000e+00   0.0000000e+00   0.0000000e+00   0.0000000e+00   0.0000000e+00   0.0000000e+00
   7.9951301e-03  -9.5937669e-02  -1.6672916e-02   7.2122041e-04  -3.6312211e-04  -2.2666532e-04
   3.9040249e-03  -4.3341418e-02  -1.8898699e-02   9.2518830e-04  -1.0539872e-04  -6.7748182e-05
   2.6831695e-03  -9.5733798e-03   2.1321025e-02   4.7662627e-04  -3.0192042e-04  -2.2770107e-04
   4.8034171e-03  -1.3262895e-01  -1.6313719e-02   8.0698618e-04  -8.1147105e-05  -4.6575713e-04
  -6.1107986e-03  -5.2079880e-02  -6.2535954e-02   3.0711281e-04  -4.1379796e-04  -2.1582382e-04
  -2.5678695e-03  -6.3595029e-02  -4.2608262e-02   2.0937652e-04  -2.6040622e-04  -3.6421007e-05
  -9.6632724e-03  -8.3215274e-02  -8.4271716e-03   3.6188738e-04  -3.7486826e-04   1.3301482e-04
   5.2737374e-03  -5.6857606e-02   1.0879384e-02  -4.9696936e-04  -5.0883882e-04  -3.2842575e-04
   5.1667176e-03  -1.5780346e-01  -5.9429700e-02   5.1544801e-05  -1.9246900e-05  -1.9224423e-04
   7.1494898e-04  -1.3702738e-02  -3.0022492e-02  -3.3818760e-04  -4.5952312e-04   3.1791673e-05
   1.9788627e-02  -4.2838678e-02  -2.7816334e-02  -2.0088473e-04  -7.6813287e-04  -3.6896018e-04
  -8.5958526e-03  -1.1917386e-01  -7.6848003e-02   5.8989725e-04  -7.8410740e-04  -2.6947228e-04
   2.4384312e-02   1.7992390e-02   1.4159462e-03  -2.1950407e-05  -7.2292809e-04  -3.3980935e-05
   1.7784269e-02  -1.2095890e-01  -2.5889159e-02   3.7902232e-04  -8.3998062e-04  -3.0643625e-04
   2.2361787e-02  -1.0873393e-01  -6.6863493e-02   6.2092009e-05  -8.8265593e-04  -2.3694621e-04
   3.6841164e-02  -3.8594411e-02   1.3303875e-02  -7.8506783e-04  -6.2128885e-04  -3.3555482e-04
   1.3253520e-02  -1.3553239e-01  -2.6902567e-02   1.2550227e-04  -9.8582203e-04  -4.3610367e-04
   2.6596477e-02  -2.6460368e-02   7.2027582e-03  -4.6431978e-04  -9.0845870e-04  -1.3288020e-04
   2.0009207e-02  -2.8728572e-02   3.2534056e-02  -3.8248569e-04  -1.4400050e-03  -4.8313444e-04
   1.4459737e-02  -9.5965481e-02  -3.0804562e-02   4.2740928e-04  -1.6829585e-03  -1.8689398e-04
  -1.5348541e-03   1.8359576e-02  -1.3438461e-02   1.8300692e-04  -1.2780881e-03  -8.8688404e-05
  -4.3019021e-02  -1.2025729e-01  -7.9133432e-02   2.4145677e-03   1.7981607e-03   2.3696567e-04
  -4.0215149e-02  -7.2420228e-02  -4.9236533e-02   1.4809686e-03   1.6401381e-03  -1.7839113e-04
  -5.4142172e-02  -1.5689236e-01  -8.4743871e-02   1.8535236e-03   1.5113026e-03  -2.9765627e-04
  -5.0019571e-02  -7.8090793e-02  -8.0947345e-02   1.8459343e-03   1.4978295e-03  -9.5712388e-05
  -1.1929798e-02  -4.9572285e-02  -3.8341331e-02   1.1686168e-03   1.5924956e-03  -4.6045634e-04
  -2.6366940e-02  -1.5374643e-01  -8.6559400e-02   2.3983947e-03   1.5551451e-03  -2.7790021e-04
  -2.4959328e-02  -3.8415325e-02  -3.6935928e-02   1.6721024e-03   1.6749092e-03  -2.9491642e-04
  -3.9200595e-02  -1.2653784e-01  -6.6978240e-02   1.9902066e-03   1.4566886e-03  -4.8333216e-04
  -2.3990692e-02  -1.2396520e-01  -6.8672375e-02   1.8968350e-03   1.4912309e-03  -3.0330181e-04
  -2.2667321e-02  -1.0103296e-01  -3.0543605e-02   1.3654281e-03   1.4630300e-03  -4.6566962e-04
  -2.6759439e-02  -1.8419897e-01  -9.9617802e-02   1.8676974e-03   1.1246384e-03  -5.5114929e-04
  -1.7494793e-02  -8.0652526e-02  -6.2884769e-02   1.1432697e-03   1.2800762e-03  -6.3008629e-04
   7.0056353e-04  -9.2434573e-02   9.9361998e-04   1.2202155e-03   1.6559716e-03  -5.7451544e-04
  -4.0843803e-02  -1.4215965e-01  -1.1891875e-01   1.7106743e-03   1.2833592e-03  -4.8635059e-04
  -2.0831307e-03  -1.7697087e-02  -8.4934042e-02   1.5742022e-03   1.1100379e-03  -3.5565970e-04
   9.2435414e-03  -6.4430022e-02  -4.3429082e-02   1.9021520e-03   1.5759164e-03  -4.9636102e-04
  -3.3307565e-02  -1.4238941e-01  -1.1987271e-01   2.1743883e-03   1.0887046e-03  -4.6062407e-04
   5.8070798e-03  -3.9133244e-02  -6.3016075e-02   1.2439066e-03   1.3009307e-03  -2.8199118e-04
  -1.3142328e-02  -1.0972037e-01  -6.4110962e-02   1.4641307e-03   1.5327997e-03  -5.4452315e-04
  -3.1866491e-02  -1.2171713e-01  -1.2397665e-01   2.0037094e-03   1.0770275e-03  -5.8771029e-04
  -6.6741135e-03  -2.3979111e-02  -5.0653505e-02   9.4284013e-04   1.2126872e-03  -6.2411405e-04
  -8.6498093e-03  -1.0258922e-01  -3.7534634e-02   1.4072013e-03   1.0973028e-03  -8.4997152e-04
  -1.8054226e-02  -1.2803456e-01  -1.0759042e-01   2.1247693e-03   9.3424694e-04  -6.2199087e-04
  -2.6600164e-03  -6.5687389e-02  -1.3739645e-01   1.9673371e-03   1.2735716e-03  -3.0172832e-04
  -2.6770953e-03  -1.2454381e-02  -8.4746927e-02   1.6899159e-03   1.2813464e-03  -5.0192756e-04
  -2.5045956e-02  -1.4596337e-01  -1.2150665e-01   1.9815051e-03   2.0020975e-03  -5.6177614e-04
  -2.5886328e-02  -1.1131021e-01  -1.2075875e-01   1.5475390e-03   1.7746101e-03  -4.3596013e-04
  -1.0589564e-02  -7.7389417e-02  -6.3129392e-02   1.1412589e-03   1.9387360e-03  -8.7095085e-04
  -3.5328154e-02  -1.5840268e-01  -1.1823206e-01   2.1857743e-03   2.4491525e-03  -5.1981220e-04
  -1.8277930e-02  -1.4533919e-02  -5.8377728e-02   1.2716536e-03   2.0202832e-03  -3.5259788e-04
  -3.0678335e-02  -1.5296586e-01  -1.0295020e-01   1.9835792e-03   2.0513449e-03  -6.2602377e-04
  -2.8089239e-02  -5.9895472e-02  -7.3965366e-02   1.5472924e-03   2.1231150e-03  -3.6004794e-04
  -2.8155735e-02  -1.1378974e-01  -7.7014674e-02   1.2875208e-03   2.0415840e-03  -3.3824069e-04
  -2.1659370e-02  -1.6830904e-01  -1.0506915e-01   1.5810248e-03   1.9900869e-03  -4.6817206e-04
  -1.7125441e-02  -5.7738400e-02  -3.3514605e-02   1.8547626e-04   2.3762488e-03  -4.8394887e-04
  -5.1842990e-02  -1.5135244e-01  -8.2470976e-02   8.9090778e-04   2.0938699e-03  -7.0551291e-04
  -4.5049171e-02  -7.9505458e-02  -1.2803744e-01   1.0334490e-03   2.2668609e-03  -1.9560258e-04
  -2.1471966e-02  -4.8426232e-02  -6.7315340e-02   5.6128201e-04   1.8268655e-03  -4.6151864e-04
  -3.1641578e-02  -1.2789500e-01  -1.5827262e-01   1.3502829e-03   2.4309916e-03  -3.1185451e-04
  -3.2383982e-02  -4.9116239e-02  -1.2626602e-01   9.2690770e-04   2.3382862e-03  -4.1227145e-05
   1.3428931e-02  -9.0096471e-02  -1.4896220e-02   1.4440864e-03  -4.9913508e-04  -3.7764916e-04
   1.5908397e-02  -1.7033262e-01  -7.9780895e-02   2.3816714e-03  -7.5999046e-04  -2.7943392e-04
   2.0499149e-02  -5.1422148e-02  -3.2346028e-02   9.9190936e-04  -3.3341614e-04  -3.0018514e-04
   5.3216586e-03  -1.2372780e-01  -4.2869745e-03   1.3801973e-03  -6.9047822e-04  -4.7683720e-04
  -1.4173141e-03  -1.1518135e-01  -5.0483512e-02   2.1261802e-03  -7.7052187e-04  -2.3092571e-04
   2.1505304e-02  -1.6531112e-02   1.8036832e-02   9.0408047e-04  -5.4743927e-04  -1.7965088e-04
  -1.0016299e-02  -1.2366561e-01  -3.1430807e-02   1.4916561e-03  -6.5894620e-04  -4.2972327e-04
   9.7295716e-03  -8.3105637e-02  -4.3113924e-02   1.2017800e-03  -8.0292902e-04  -1.1317762e-04
   3.7976705e-02  -6.2373606e-02  -2.3779103e-02   7.7955460e-04  -9.0068931e-04  -3.1992781e-04
  -1.2640198e-03  -1.5246378e-01  -9.7389899e-02   1.6087616e-03  -1.3343428e-03  -2.9204698e-04
   2.8566403e-02  -2.1199248e-02  -3.5201079e-02   8.3096908e-04  -8.2902464e-04  -1.8495933e-04
  -1.6588948e-03  -1.1756759e-01  -1.9975394e-02   1.1290926e-03  -1.0840141e-03  -5.4102947e-04
   1.3962704e-02  -1.0437529e-01  -5.9497201e-02   1.6892526e-03  -1.1803530e-03  -2.7834279e-04
   1.7227166e-02  -1.9409181e-02   1.9320070e-03   9.4910318e-04  -7.1594726e-04  -2.4373845e-04
   1.4467142e-02  -1.2017062e-01  -5.6304735e-02   1.6132322e-03  -8.3719365e-04  -2.4486953e-04
  -5.3172915e-03  -5.9452550e-02  -3.9915971e-02   1.7748463e-03  -1.0248452e-03  -5.5948245e-05
   4.2205363e-02  -7.0615200e-02  -1.9974410e-02   8.4652049e-04  -1.0278542e-03  -6.8458630e-05
   3.8287203e-02  -1.4720258e-01  -4.7168627e-02   1.6736850e-03  -1.1769857e-03  -2.8822390e-04
   6.2026119e-03  -1.3969611e-01  -7.4601277e-02   1.6508443e-03  -1.0322914e-03  -4.2649183e-04
   2.0875204e-02  -9.2787066e-02  -5.0654568e-02   1.6304966e-03  -9.2185180e-04  -2.9867995e-04
   1.8478862e-02  -5.0683930e-02  -1.1374796e-02   1.1511014e-03  -4.2320440e-04  -3.0970834e-04
  -1.3049507e-02  -1.7132734e-01  -3.4490421e-02   2.4255734e-03  -6.1830046e-04  -3.9979167e-04
   3.7108438e-03  -5.9843656e-02  -4.0227800e-02   1.8843840e-03  -9.4207023e-04  -3.6957405e-04
   2.1070722e-02  -8.4844362e-02  -3.8281215e-02   2.1430118e-03  -7.7057531e-04  -3.5420389e-04
  -3.1863788e-03  -1.0354998e-01  -9.5902292e-02   1.7801564e-03  -8.3605155e-04  -1.8518673e-04
   2.7112879e-02  -5.3285748e-02  -4.6050079e-02   1.4382633e-03  -6.2393501e-04  -7.4664138e-05
   1.4666828e-03  -1.8651151e-01  -6.7504417e-02   2.0297107e-03  -7.4823033e-04  -2.9856990e-04
   3.1413546e-02  -7.0220607e-02  -3.3423798e-02   1.1077845e-03  -3.8922839e-04  -3.4977754e-04
   2.8732304e-02  -8.7783073e-02  -6.1882548e-03   1.3490336e-03   5.9648026e-05  -5.0623421e-04
  -1.8501377e-02  -1.4576644e-01  -1.0039554e-01   2.2132057e-03  -4.6899451e-04  -4.0676106e-04
   1.7667615e-02  -1.9883331e-02  -7.5728673e-02   1.2732325e-03  -3.9710409e-04  -1.9212228e-04
   2.7347729e-02  -5.8527446e-02   1.3582600e-03   1.5700575e-03  -7.4405796e-04  -4.3117624e-04
   1.4728714e-02  -1.3112789e-01  -8.7274348e-02   2.2866383e-03  -8.0673162e-04  -5.4330269e-04
   1.6710719e-02  -4.4957647e-02  -3.8464373e-02   9.7983379e-04  -4.9336696e-04  -3.9232252e-04
   1.3365882e-02  -1.5613873e-01  -2.6027755e-02   1.4280112e-03  -4.3313516e-04  -5.6779989e-04
   1.2208731e-02  -1.3705947e-01  -6.7745411e-02   2.2393795e-03  -7.4273649e-04  -4.7362581e-04
   4.6654084e-02  -3.8628934e-02  -1.7583911e-02   7.8333412e-04  -7.0841656e-04  -4.8990764e-04
   8.5461564e-04  -1.3687683e-01  -1.8806843e-02   1.8979800e-03  -5.3614419e-04  -5.6179367e-04
   5.1955532e-03  -7.0311192e-02  -6.9155240e-02   2.2917715e-03  -1.0294557e-03  -4.7301188e-04
   3.6231982e-02  -5.7507571e-03  -1.8546181e-02   1.1025324e-03  -4.6330283e-04  -3.3945236e-04
  -8.4637474e-03  -1.2458755e-01  -5.3132123e-02   1.6472219e-03  -4.1418081e-04  -5.3885427e-04
   1.4568601e-02  -1.0135362e-01  -4.9568114e-02   1.3319257e-03  -5.4443798e-04  -3.6693989e-04
   2.3836332e-02  -7.7238714e-02  -1.0192503e-02   8.4627752e-04  -2.9643463e-04  -5.8114197e-04
   8.7070217e-03  -1.8264716e-01  -7.4141901e-02   1.8011340e-03  -4.1803338e-04  -6.3174081e-04
   2.8914998e-02  -5.3595233e-02  -3.1030797e-02   1.2194264e-03  -4.7064922e-04  -4.1216054e-04
   3.1555580e-02  -8.6411732e-02  -3.1787485e-02   9.6087485e-04  -1.1729545e-04  -2.4409417e-04
  -2.4568869e-03  -1.3047864e-01  -1.1906267e-01   1.9006381e-03  -5.2143424e-04  -2.9200127e-04
   9.6665204e-03  -1.5964459e-02  -3.0925394e-02   1.2016746e-03  -3.7591719e-04  -2.3363373e-04
   2.8033586e-02  -1.3212023e-01  -4.9795853e-02   1.3204686e-03  -1.2519345e-04  -4.2659527e-04
   1.5947472e-02  -1.3699046e-01  -9.6259256e-02   1.3490771e-03  -2.3519001e-04  -2.7953256e-04
   1.1482643e-02  -5.5707685e-02  -1.9559846e-02   6.7540676e-04   3.1514558e-05  -1.9349948e-04
   2.1366986e-02  -1.6813656e-01  -8.3073319e-02   1.6778977e-03  -3.4008044e-04  -4.6969899e-04
   1.1835686e-02  -6.7900416e-02  -6.2055392e-02   1.2713654e-03  -3.1663459e-06  -1.9702064e-04
   3.0109654e-03  -5.5238169e-02  -2.7959010e-02   1.3087974e-03  -1.1496022e-04  -1.4368907e-04
  -3.3200561e-03  -1.1516248e-01  -9.8401588e-02   1.7115665e-03  -2.9138314e-04  -2.0063243e-04
  -6.8992959e-03  -2.6968084e-03  -2.6184376e-02   9.0366696e-04  -2.6224717e-04  -3.5684426e-05
   6.0568387e-03  -1.4273653e-01  -6.4957663e-02   1.4258657e-03  -2.0383981e-04  -1.0167758e-04
  -3.6774098e-03  -9.9689436e-02  -5.9536730e-02   1.3946829e-03  -2.1864660e-04   5.5065266e-05
  -2.3830283e-03  -6.7508525e-02  -3.3804545e-02   8.5523939e-04  -7.6298896e-05  -1.0318814e-04
  -1.6206154e-02  -1.4118125e-01  -8.7246841e-02   1.6186993e-03  -3.0086785e-04  -3.6212603e-04
   2.5366602e-02  -4.1788867e-02  -2.8920499e-02   1.0834692e-03  -1.6073964e-04  -2.5518536e-04
   1.5160955e-02  -8.6344284e-02  -1.4868066e-02   7.5900815e-04  -1.6911705e-04  -2.3208577e-04
  -9.2573694e-03  -1.1663137e-01  -8.1246343e-02   1.5409202e-03  -5.1050458e-04  -2.5974595e-04
   2.2945280e-02  -5.9354904e-02  -9.5918892e-02   1.2631630e-03  -4.8809233e-04  -1.3002823e-04
   3.6812256e-02  -2.7032833e-02  -1.6651941e-02   6.7821793e-04  -2.2460003e-04  -2.3845689e-04
  -5.3894147e-03  -1.7601569e-01  -9.2008869e-02   1.4345634e-03  -4.7431834e-04  -2.5588461e-04
   1.6785150e-02  -6.5500418e-02  -7.3537712e-02   8.8802445e-04  -5.2986983e-04  -1.6008322e-04
   1.6783968e-03  -8.3634669e-02  -2.3315342e-02   8.6276023e-04  -5.9564242e-04  -2.4505247e-04
   1.0781937e-02  -1.3997259e-01  -7.7878482e-02   1.8616044e-03  -7.9276212e-04  -2.2536088e-04
   2.2361108e-02  -8.9367902e-03  -2.5726688e-02   5.4277978e-04  -6.3606792e-04  -1.2671947e-04
   1.5646728e-02  -1.2819385e-01  -5.8817758e-02   1.5139506e-03  -9.8705416e-04  -1.8336640e-04
   7.2150207e-04  -3.4883576e-02  -8.7565669e-02   9.8782432e-04  -9.2338031e-04  -1.5541923e-04
   2.4479333e-02  -3.8533557e-02  -3.4723617e-02   8.0501493e-04  -9.8197667e-04  -8.2035594e-05
   7.3078024e-03  -1.3916844e-01  -1.0262268e-01   1.0429704e-03  -1.2664748e-03  -9.9941087e-05
   5.4627204e-02  -2.5057824e-02  -2.5840914e-02  -3.3259231e-05  -7.0559910e-04  -9.6923032e-05
  -2.0260516e-02  -1.4834775e-01  -6.9293440e-02   1.1443901e-03  -9.7617633e-04  -3.2934821e-04
   2.1281997e-02  -4.3799697e-02  -3.8961632e-02   5.5058484e-04  -9.0564686e-04  -1.4549850e-04
   1.4693136e-02  -5.3565986e-02  -2.7912815e-02   4.5322989e-04  -9.0558130e-04   6.0071505e-06
   3.3083999e-03  -8.3142067e-02  -8.2552367e-02   1.1385996e-03  -1.1338727e-03   8.5306548e-05
   1.1225847e-02  -1.5332988e-02   6.8248720e-05   5.1388258e-04  -4.7720680e-04   2.4077378e-04
  -9.4715621e-03  -1.5308442e-01  -7.1803960e-02   1.1922817e-03  -6.9322903e-04   2.0420132e-04
   1.7436353e-02  -8.0342748e-02  -6.0895277e-02   7.8196052e-04  -8.3362464e-04   4.2414982e-04
   1.6562946e-02  -8.7902205e-02  -6.0640146e-02   8.3288914e-04  -4.8393436e-04   2.8750461e-04
  -2.1272474e-02  -1.3582649e-01  -1.5762408e-01   9.0464721e-04  -5.4890586e-04   2.9461501e-04
   8.1089059e-03  -2.5382671e-02  -4.8613552e-02   1.7344984e-04  -2.4161365e-04   4.5023904e-04
  -3.0554618e-02  -1.0847441e-01  -8.8740508e-02   9.7545142e-04  -2.2406614e-04   2.5631916e-04
   3.7482350e-03  -6.7987136e-02  -1.3110661e-01   8.6493315e-04  -6.8276067e-04   4.2568987e-04
   2.6448868e-02  -1.3647141e-02  -3.5217946e-02   4.2894319e-04  -2.6945813e-04   3.9145652e-04
  -2.7029276e-02  -1.3997851e-01  -1.2440132e-01   1.4258771e-03  -3.4845963e-04   4.6961408e-04
   2.7051449e-02  -2.6403308e-02  -5.3051699e-02   1.4294027e-04  -2.0010270e-04   5.1391858e-04
  -1.0659528e-02  -1.2835218e-01  -5.1097838e-02   9.7284492e-04  -3.3667517e-05   3.1349367e-04
  -1.0886541e-02  -1.0768584e-01  -8.1301370e-02   7.4705814e-04  -4.5574308e-04   3.3103344e-04
  -7.7660367e-04  -5.0882804e-02  -3.0592364e-02   5.6917773e-04   3.4301420e-05   3.3054034e-04
  -3.0659427e-02  -1.0985070e-01  -9.7149412e-02   8.7877961e-04  -2.7135499e-04   4.3453719e-04
  -4.1877249e-03   9.9258151e-03  -7.4780365e-02   3.1412689e-04  -2.6551278e-04   6.9628818e-04
  -3.0984708e-02  -1.1962431e-01  -1.3224793e-01   1.1107715e-03  -2.6367629e-04   5.5819032e-04
  -1.4773823e-02  -1.8002926e-02  -8.8021645e-02   2.9089552e-04  -6.6310912e-07   4.9247488e-04
   2.5942442e-03  -9.8230252e-02  -8.6470753e-02   8.4979895e-04   4.8912227e-05   4.4153661e-04
  -1.0152830e-02  -1.3205185e-01  -1.3586569e-01   9.4478276e-04   6.0769138e-04   5.8642312e-04
  -7.6982791e-03  -8.9051359e-02  -1.2960541e-01   7.6210596e-04   2.8084970e-04   6.0827990e-04
   3.1036653e-03  -3.1916360e-02  -3.1904339e-02   7.3109946e-04   1.5302890e-04   4.6466443e-04
  -2.1177442e-02  -1.2757331e-01  -9.2651364e-02   1.4325751e-03   5.5516365e-04   3.0476090e-04
  -4.4681101e-02  -1.4465453e-03  -6.2941907e-02   8.3380293e-04   8.7992161e-05   4.5194384e-04
  -1.5787541e-02  -6.0975956e-02  -5.2399543e-02   7.5969950e-04   6.7487404e-05   3.1484313e-04
  -2.4500762e-02  -1.2464958e-01  -8.6532624e-02   1.3072211e-03  -4.2144749e-04   4.4912840e-04
   3.2400500e-02  -4.8960964e-02  -4.0072640e-02   2.7684897e-04  -2.3774472e-04   4.2565879e-04
   1.9250649e-05  -1.4367302e-01  -9.1662165e-02   4.7808197e-04   1.9159464e-05   1.1889185e-04
   1.0786116e-02  -9.8187241e-02  -1.1051876e-01   7.8528779e-04  -1.1388603e-04   1.8410347e-04
   1.9720604e-02  -5.1202577e-02  -4.5152139e-02   9.3634234e-06  -3.8531757e-04   2.6394487e-04
   3.0236851e-03  -1.3721630e-01  -1.1496615e-01   7.5437156e-04  -4.4969315e-04   2.4872746e-04
   5.2151376e-04  -3.4257438e-02  -1.2239796e-01   9.7768323e-04  -4.8906888e-04   5.1589576e-04
   2.9807328e-02  -1.2650664e-02  -7.5629590e-02   3.2077685e-04  -6.4301128e-04   4.4525691e-04
   1.6524415e-02  -1.5340196e-01  -1.2841948e-01   1.4316603e-03  -6.4002544e-04   3.5056311e-04
  -6.4978752e-03  -4.6869282e-02  -5.8154628e-02   6.4206084e-04  -3.5065228e-04   4.0394294e-04
  -4.4396169e-03  -9.6142326e-02  -7.7375275e-02   4.6739761e-04  -4.7342852e-04   3.1131096e-04
   1.7480065e-03  -1.2766853e-01  -1.1858971e-01   9.2642709e-04  -2.9031849e-04   2.4509876e-04
   1.6693261e-02  -2.5909709e-04  -4.0097151e-02   5.0987618e-04  -1.7680211e-05   4.9077551e-04
  -3.3244569e-02  -8.9828759e-02  -1.0098826e-01   1.0327669e-03  -4.3397570e-05   4.4580064e-04
  -2.6897001e-02  -1.0000896e-01  -1.3634328e-01   1.1476140e-03  -1.6759282e-04   5.3333819e-04
  -7.2677909e-03   2.5600146e-03  -9.2062511e-02   9.2493407e-04  -3.8134195e-04   6.0363934e-04
  -1.3008193e-02  -1.0410766e-01  -8.5224393e-02   1.3446122e-03  -1.4175845e-04   5.1161293e-04
   1.4472081e-03  -1.3331195e-01  -1.2954432e-01   1.3282151e-03  -2.2766827e-04   6.0412574e-04
  -6.3257474e-04  -3.8528472e-02  -3.8451044e-02   6.7084137e-04   1.2205523e-04   4.9658915e-04
  -3.3691582e-02  -1.7737123e-01  -9.9733781e-02   1.7238629e-03  -3.2870705e-04   3.8836832e-04
   2.2054346e-03  -3.4094470e-02  -6.6451983e-02   1.1281844e-03  -1.7394995e-04   5.6658358e-04
  -9.9914295e-03  -8.3082172e-02  -5.6837125e-02   1.4519724e-03  -2.9086259e-04   5.3892739e-04
   1.0723550e-02  -1.2470611e-01  -1.0364438e-01   1.6815870e-03  -5.1307793e-04   4.9042484e-04
  -8.5205540e-03  -6.5844269e-02  -9.9744241e-02   1.0159642e-03  -2.1586061e-04   5.0263634e-04
  -4.3305179e-03  -6.2221497e-02  -6.7163750e-02   7.6448883e-04  -2.3007017e-04   4.8485478e-04
  -1.3915946e-02  -1.8844067e-01  -1.3093663e-01   1.6625440e-03  -1.5962463e-04   4.7670448e-04
   5.7074653e-03  -7.6478312e-02  -4.4041136e-02   8.0136144e-04  -3.5587539e-04   1.8975027e-04
   3.5113528e-02  -1.0654772e-01   1.7098063e-02   4.0756585e-04  -1.1145435e-03  -3.8429121e-04
   1.9047990e-02  -1.4738623e-01  -1.4093959e-01   1.6168521e-03  -9.1324345e-04  -2.8647026e-05
   6.4352177e-03  -4.7460785e-02  -7.0590956e-02   9.8800662e-04  -1.0456743e-03   1.9751644e-04
   1.9238670e-02  -9.0965374e-02  -6.9388706e-02   9.4952080e-04  -1.0505307e-03   1.0311291e-04
  -1.0551534e-03  -1.2982012e-01  -1.4764484e-01   1.7284282e-03  -1.1361360e-03   4.4443518e-04
   2.8960965e-02  -1.6419159e-02  -7.3600668e-02   4.4026701e-04  -1.0507480e-03   3.5833004e-04
   2.5779940e-02  -1.5745854e-01  -9.5880877e-02   8.6554328e-04  -9.4325630e-04   2.3487873e-04
   3.2167090e-02  -1.2347761e-01  -1.3769571e-01   1.3898722e-03  -1.2463573e-03   2.3761833e-04
   3.6942308e-02  -6.7555156e-02  -5.5770809e-02   1.6755092e-04  -8.8405450e-04   7.9184914e-05
   8.3122629e-03  -8.4640987e-02  -6.3497462e-02   4.7951242e-04  -1.2991573e-03   6.8986311e-06
   1.5075478e-02  -1.0976306e-01  -1.5233863e-01   1.4912235e-03  -1.4867665e-03   1.7031846e-04
   2.7055242e-02   1.6533220e-02  -7.5089717e-02   7.1188449e-04  -1.2394377e-03   3.4299098e-04
   4.2456424e-03  -1.1954000e-01  -1.2284428e-01   1.2802800e-03  -1.7440432e-03  -1.0798737e-04
   2.4839273e-02  -6.5370694e-02  -1.2696155e-01   1.1573686e-03  -1.5315410e-03  -2.3635237e-05
  -1.3782000e-02  -7.6700394e-02   2.2892135e-02   4.2407616e-04   2.5563246e-03   3.5680786e-04
  -6.7400283e-02  -1.6541424e-01  -8.5601356e-03   1.5377720e-03   2.4939552e-03   2.4683476e-04
  -4.1275542e-02  -7.9366672e-02  -3.5755450e-02   1.1630795e-03   2.1154028e-03   3.8886687e-04
  -3.6876177e-02  -5.4438782e-02   1.0840679e-02   6.4146993e-05   2.6193412e-03   4.6695861e-04
  -6.5386779e-02  -1.2000850e-01  -4.1206842e-02   1.4465994e-03   2.3376893e-03   4.3024674e-04
  -4.4989103e-02  -5.6456574e-02  -1.7819613e-03   1.1517425e-03   2.5543086e-03   5.3708224e-04
  -7.0330520e-02  -5.6431339e-02   3.7594025e-02   8.4436397e-04   3.0293099e-03   4.6856746e-04
  -6.5234652e-02  -1.5478647e-01  -2.5551869e-02   1.6380873e-03   2.4371380e-03   4.5343527e-04
  -5.8459895e-02  -6.5235365e-02   6.5680268e-03   2.7718926e-04   2.7933546e-03   5.1685541e-04
  -5.4639511e-02  -1.3550620e-01  -1.1813075e-02   5.2802374e-04   2.4278592e-03   3.2814761e-04
   1.8002272e-02  -1.2584182e-01  -1.1610401e-01   1.4132432e-03  -6.2394813e-04   1.8502659e-04
   1.9518330e-02  -4.2624653e-02  -5.1309750e-02   4.7225346e-04  -7.0745223e-04   3.7465121e-04
   4.1142028e-03  -9.7448651e-02  -8.4673200e-02   5.7975620e-04  -7.6041270e-04   3.4397165e-04
  -3.4896807e-03  -1.1694718e-01  -1.4777973e-01   1.5753311e-03  -1.2035386e-03   6.7126445e-04
   5.1751669e-03   2.0902864e-02  -6.3334229e-02   4.7923634e-04  -9.7027458e-04   7.7679257e-04
  -4.3842699e-03  -1.3387575e-01  -1.2106084e-01   1.1215057e-03  -1.3221469e-03   4.6290817e-04
   1.9817376e-02  -8.8746199e-02  -1.0181230e-01   1.1668972e-03  -1.1424974e-03   4.0585695e-04
   7.1760596e-03  -1.0230968e-01  -8.6409422e-02   1.2484675e-03  -9.5434211e-04   4.7118524e-04
   1.2236202e-02  -9.8846394e-02  -6.6338506e-02   7.6767748e-04  -9.0872909e-04   5.1709311e-04
  -1.7467444e-03  -8.9617977e-02  -8.2086151e-02   6.4018373e-04  -6.7419421e-04   7.2322620e-04
  -5.4723457e-03  -1.2001188e-01  -1.3453303e-01   1.7705987e-03  -1.0190784e-03   7.6221498e-04
   3.0119336e-02  -2.9562527e-02  -6.5124631e-02   8.4088018e-04  -9.3094694e-04   6.3734646e-04
  -7.6193200e-05  -1.4499037e-01  -1.4476395e-01   1.3576336e-03  -8.9028992e-04   5.8306170e-04
   2.3294027e-02  -6.3137129e-02  -8.2211928e-02   8.8736417e-04  -1.0070772e-03   7.5165405e-04
  -1.8824853e-02  -9.5079454e-02  -7.1654983e-02   8.0991850e-04  -5.7255701e-04   5.4230783e-04
  -1.3635441e-02  -1.4034906e-01  -1.5235953e-01   1.2979026e-03  -8.7205372e-04   6.5031841e-04
   8.4916211e-03  -2.4330370e-02  -6.5955797e-02   5.4069115e-04  -6.2889630e-04   6.8614283e-04
  -1.5379152e-02  -1.3802307e-01  -1.0044414e-01   1.1686006e-03  -7.3425506e-04   5.2344698e-04
   5.9309401e-03  -6.1835075e-02  -9.7776286e-02   1.4403039e-03  -1.0767197e-03   6.9671709e-04
   1.2620621e-02  -5.6993178e-02  -6.1224232e-02   1.0507946e-03  -8.2485092e-04   7.1182206e-04
  -2.1257953e-02  -1.4222083e-01  -1.1351134e-01   1.8945661e-03  -1.0049246e-03   4.6776257e-04
   1.6833270e-02  -5.7563122e-02  -4.0713978e-02   2.0975021e-05  -7.0888154e-04   4.8528619e-04
  -1.3100347e-02  -1.4904304e-01  -6.2123913e-02   9.7188774e-04  -7.9748644e-04   4.2174733e-04
   8.1177781e-04  -1.0803914e-01  -7.6687298e-02   1.1815670e-03  -9.1806159e-04   5.9113308e-04
   2.1519495e-02  -9.1155583e-02  -5.8695301e-02  -6.1572008e-05  -4.9234525e-04   5.0008479e-04
  -1.0018685e-02  -1.6279830e-01  -1.1551427e-01   1.2544190e-03  -6.5799366e-04   5.4585595e-04
   1.5916218e-02  -5.8644928e-02  -6.8331599e-02   6.3440848e-04  -5.7620906e-04   7.6881826e-04
   6.6657833e-03  -8.8578514e-02  -6.7942588e-02   6.1218303e-04  -6.4253034e-04   8.4168880e-04
  -7.6302074e-03  -9.8592666e-02  -1.0664107e-01   1.1904210e-03  -2.9204496e-04   8.3960854e-04
  -2.2438779e-02  -8.9753386e-02  -1.5719129e-01   1.3453881e-03  -4.1671384e-04   5.4656572e-04
   7.9236071e-03  -9.9242008e-02  -1.8519176e-01   6.8489178e-04  -5.0225407e-04   5.8419391e-04
  -5.7757079e-03  -5.4295785e-02  -9.4988670e-02   6.0649818e-04  -5.2151146e-04   4.8212038e-04
   1.0821427e-02  -1.7161200e-01  -1.3043960e-01   1.3158256e-03  -4.4659155e-05   1.5558423e-04
  -3.9183440e-02  -7.9956449e-02  -1.7126082e-01   1.0269371e-03  -8.4619130e-05   5.0382317e-04
   7.5251024e-03  -3.2221258e-02  -7.7363063e-02   1.0943204e-03  -3.0818826e-04   5.4076924e-04
  -1.5546681e-02  -1.4080772e-01  -1.1382567e-01   1.0470102e-03  -7.7255324e-05   4.3579622e-04
  -2.4020467e-03  -7.7716957e-02  -1.2205656e-01   8.5718911e-04  -6.9143479e-04   6.4227029e-04
   1.6114527e-02  -5.4333673e-02  -7.5028652e-02   5.4413808e-04  -4.0395339e-04   5.8645670e-04
   2.9614934e-03  -1.5411473e-01  -1.4345588e-01   1.1488019e-03  -7.9779216e-04   6.3054926e-04
   2.9703460e-02  -6.2789974e-02  -1.0782216e-01   1.2142277e-04  -5.4180865e-04   6.5954297e-04
   2.2479881e-02  -7.5515787e-02  -9.5064392e-02  -9.4370639e-05  -1.2528080e-04   4.9098749e-04
  -4.4753492e-03  -1.1704394e-01  -2.3174719e-01   7.6145159e-04  -2.2693987e-04   4.2134490e-04
   1.6385635e-05  -1.6413682e-02  -1.6434659e-01   3.5974526e-04  -4.4872552e-04   5.7117642e-04
   1.9707380e-03  -3.2656772e-02  -7.3790598e-02   3.2023545e-04  -4.6650747e-04   6.1975211e-04
  -5.5006252e-03  -1.0841089e-01  -1.3877986e-01   1.3224286e-03  -8.3445910e-04   5.9639820e-04
  -1.6925821e-02  -3.4842496e-02  -1.4629985e-01   9.8067492e-04  -9.3027070e-04   7.2154613e-04
   1.2190254e-02  -4.6422066e-02  -7.6349170e-02   1.9730004e-04  -4.3271145e-04   6.4890124e-04
  -2.5387232e-02  -1.4090705e-01  -1.5433649e-01   8.0744326e-04  -6.9651444e-04   7.0155536e-04
  -2.8281183e-02  -6.5467011e-02  -2.0109077e-01   7.4456265e-04  -7.4992301e-04   9.3201658e-04
  -6.2989395e-03  -4.0747935e-02  -1.1381712e-01   3.4236950e-04  -7.2485095e-04   8.2274739e-04
  -2.0393575e-03  -1.3458227e-01  -1.6128130e-01   7.9468416e-04  -9.3851472e-04   7.0884433e-04
  -8.2382045e-03  -5.6987753e-02  -1.7734787e-01   9.5811670e-04  -8.6343672e-04   9.8330295e-04
   1.0439681e-02  -2.6357290e-02  -1.2455094e-01  -3.5266942e-04  -7.9620470e-04   1.0302684e-03
  -1.5419105e-02  -1.3450183e-01  -1.5875182e-01   1.1126562e-03  -1.1216146e-03   8.3811726e-04
  -9.3191178e-03  -4.5293927e-02  -1.2770602e-01   2.2545731e-04  -9.5087798e-04   8.1803813e-04
   1.3838463e-02  -1.2033368e-01  -1.2431649e-01   4.5984882e-04  -8.7626876e-04   5.6421329e-04
   1.4889154e-03  -1.1385278e-01  -1.5633373e-01   9.9614578e-04  -1.2490236e-03   6.7758605e-04
   6.4758923e-03  -1.8255151e-02  -1.0829599e-01  -1.0905381e-04  -6.0867106e-04   9.0362365e-04
  -1.1973356e-02  -1.2106852e-01  -1.6192468e-01   1.2484795e-03  -9.0744858e-04   9.1784334e-04
   7.1984786e-05  -2.8523838e-02  -1.3468620e-01   6.9024388e-04  -8.2091701e-04   9.2506764e-04
   9.1295135e-03  -8.6845032e-02  -1.2225041e-01   4.1028867e-04  -9.6731878e-04   7.6979051e-04
  -6.9371195e-04  -1.1990056e-01  -1.7915190e-01   9.9871992e-04  -9.8447498e-04   9.6949934e-04
   1.8433110e-02  -4.3503578e-02  -1.1771464e-01  -5.2688956e-05  -8.2999209e-04   8.5563733e-04
  -1.1293634e-02  -1.5721926e-01  -1.7384719e-01   9.3737368e-04  -9.0566657e-04   9.0516268e-04
  -5.6658032e-03  -6.6187630e-02  -1.1718581e-01   4.9563672e-04  -9.9778323e-04   9.2647025e-04
   2.9840779e-03  -6.3755417e-02  -1.0353472e-01  -1.1693547e-04  -7.4548316e-04   7.1944778e-04
  -2.1513035e-02  -1.0950766e-01  -1.7051220e-01   1.0171477e-03  -9.5124908e-04   8.3019453e-04
   7.6896063e-03   2.9900835e-02  -1.0656280e-01   4.2676818e-05  -8.1331233e-04   9.8048366e-04
  -1.0498740e-02  -9.2315034e-02  -1.6004012e-01   1.0090219e-03  -8.9970562e-04   1.0599901e-03
   1.5294041e-02  -5.6394739e-02  -1.2924718e-01   8.0429516e-05  -7.6431195e-04   1.1192858e-03
  -8.3721620e-03  -9.8259307e-02  -1.4563024e-01  -6.2680447e-05  -9.4216062e-04   8.5245580e-04
   1.2550228e-02  -1.2879418e-01  -1.9206595e-01   7.2081249e-04  -9.3368806e-04   9.1233353e-04
   2.5149088e-03  -1.2516116e-02  -1.1052878e-01  -4.3202131e-04  -9.5431042e-04   9.5829961e-04
   1.8741338e-03  -1.2819529e-01  -1.4627677e-01   6.8961102e-04  -1.0751478e-03   9.1530913e-04
  -6.8479175e-03  -4.7772594e-02  -1.3348535e-01   6.5344113e-04  -1.2034215e-03   9.5053057e-04
   9.4600803e-03  -3.5221171e-02  -1.0114725e-01  -1.9152240e-04  -1.2876571e-03   9.7128646e-04
  -2.7287572e-02  -1.1850030e-01  -1.8209841e-01   6.9174996e-04  -1.2302647e-03   1.0145927e-03
   7.9389402e-03   4.9376307e-03  -1.2652189e-01  -5.0603176e-05  -1.4158028e-03   1.2134317e-03
  -1.7392176e-02  -1.2117886e-01  -1.4571489e-01   2.4335690e-04  -1.5642387e-03   1.0148156e-03
  -1.0236672e-02  -9.6015556e-02  -1.4043010e-01   3.7961836e-05  -1.6293037e-03   9.9261441e-04
   1.7209628e-02  -5.1535049e-02  -9.6562403e-02  -1.0001436e-03  -1.2413703e-03   8.2780009e-04
  -1.0293993e-02  -1.1117877e-01  -2.3984956e-01   2.9629870e-04  -1.5213642e-03   1.1110237e-03
   9.3593992e-04  -2.1548942e-02  -1.9389974e-01  -3.4305940e-05  -1.6916062e-03   1.3920991e-03
   1.7150950e-02  -4.2529421e-02  -1.4625111e-01  -9.7257642e-05  -1.3204494e-03   9.4121071e-04
  -1.9308735e-02  -9.0269579e-02  -2.4520676e-01   1.6281759e-04  -1.0456467e-03   1.1020821e-03
   3.0835580e-03  -4.0496627e-02  -2.3264513e-01  -4.9770555e-04  -1.7424829e-03   1.3118623e-03
   3.2148954e-02  -3.6529619e-02  -1.5518898e-01  -1.5383085e-04  -1.0235724e-03   1.0083151e-03
  -1.4770643e-03  -1.5733294e-01  -1.9909721e-01   5.9389012e-04  -1.2339828e-03   8.1654511e-04
   1.4654235e-02  -8.0272121e-02  -2.1972480e-01   3.7006588e-04  -1.4875480e-03   4.3962899e-04
   1.9291703e-02  -4.6170910e-02  -1.9093457e-01   7.8483502e-05  -1.6598758e-03   4.6626591e-04
   3.0008028e-02  -4.8749677e-02  -1.4936839e-01   1.5242016e-04  -1.3191400e-03   5.3228650e-04
   1.4386863e-02  -1.1351110e-01  -2.3783291e-01   3.8954845e-04  -1.3202889e-03   3.1683461e-04
  -5.6838603e-03  -5.4068415e-02  -2.4834357e-01  -5.7293322e-05  -1.5200056e-03   5.6770987e-04
   2.7825188e-02  -3.5407005e-02  -1.4738886e-01  -4.2124886e-04  -1.7532626e-03   4.3123792e-04
   1.1137783e-02  -1.7648089e-01  -1.8784530e-01   6.7925431e-04  -1.3498165e-03   3.7724648e-04
  -3.9815364e-02  -9.4176977e-02  -1.5314653e-02   9.9033946e-04   1.5785659e-03   9.9435068e-05
  -3.4747898e-02  -9.3503807e-02   5.5006973e-02   2.9399451e-04   1.8194335e-03   1.0995170e-04
  -4.4019766e-02  -1.7056184e-01  -3.8730910e-02   1.6285169e-03   1.6679325e-03   1.7314783e-04
  -2.2043955e-02  -3.1232970e-02   2.2782561e-02   5.1730255e-04   1.5553446e-03   2.2491178e-04
  -4.1506638e-02  -1.0020302e-01   5.3438994e-03   1.1326746e-03   1.9492830e-03   2.5392521e-04
  -5.4829607e-02  -1.0900808e-01  -7.8049604e-02   1.3357504e-03   1.5592687e-03   4.5524419e-04
  -3.9888073e-02  -2.7415438e-02   1.9511551e-02   3.1509457e-04   1.6336246e-03   5.0148819e-04
  -5.2444337e-02  -1.6835455e-01  -2.5958301e-02   1.2831294e-03   1.5755263e-03   2.1244526e-04
  -5.2337541e-02  -1.2108724e-01  -7.2847576e-02   1.2525827e-03   1.3626720e-03   2.7698518e-04
  -4.4306850e-02  -8.0401277e-02   4.3657118e-02   1.1324398e-03   1.3668696e-03   2.7388250e-04
  -7.2658237e-02  -1.8463361e-01   4.9410533e-02   8.4106092e-04   2.2217157e-03  -5.1929410e-04
  -7.3001339e-02  -5.7818602e-02   5.0606810e-03  -5.0603519e-04   2.9047378e-03  -2.7046263e-04
