   1.4581318e-14   0.0000000e+00   0.0000000e+00   0.0000000e+00   0.0000000e+00  -3.4694470e-18
   4.0485615e-02   1.4960278e-01   4.6537213e-02  -4.1811046e-04   2.3087845e-04  -2.0436698e-04
   9.8993972e-03   6.4369021e-02   1.0719426e-02  -1.0770123e-04   4.4214754e-05  -1.6586097e-04
   3.3071932e-02   1.5648559e-01   1.0803759e-02   1.1152039e-04  -8.1699633e-05  -8.9115845e-05
   3.0994266e-02   5.8266895e-02  -1.5060248e-02   4.1423556e-04   4.0736405e-05  -5.5907766e-05
   1.7639619e-02   1.5626776e-01   3.3221024e-02  -2.6154521e-04   3.1725966e-04   1.7519182e-04
  -2.9029321e-03   1.1715978e-02  -3.5162319e-02  -2.1436628e-04  -1.8199024e-04  -8.3776143e-05
   4.3365279e-02   1.6966988e-01   3.5099898e-02  -5.7070894e-04   1.6683290e-04   1.5261869e-04
  -3.5507461e-03   1.3436590e-02   1.2500186e-03   2.3266521e-05   4.0965685e-04   1.0835104e-04
   9.4007482e-03   1.2902643e-01   3.1639763e-02  -4.8271626e-04   4.4320224e-04   3.3560174e-04
   9.0772012e-03   6.1320565e-02   8.7380590e-04   2.1675560e-04   5.4141979e-04   2.4496246e-04
   1.7746448e-03   1.3811447e-01   4.0520304e-02  -1.5358435e-04   4.0483137e-04   1.4257898e-04
   3.8397135e-03   6.6270689e-02   1.5244732e-02   5.8669440e-04   2.8994189e-04   1.2868126e-04
   9.2414176e-03   1.0667142e-01   3.7082066e-02  -2.3246866e-04   4.6453930e-04   4.5708631e-04
   2.7210820e-03   5.1015947e-02   4.7573296e-02   1.7239797e-04   6.0199868e-04   1.2564176e-04
  -1.0481940e-02   8.1295075e-02   4.1771067e-02  -2.9768507e-04   4.5756929e-04   2.2157406e-04
  -2.4306176e-03   7.5224034e-02   1.1685678e-02  -9.4255891e-05   6.6228973e-04   1.4851591e-04
   6.3250755e-03   5.7961168e-02   5.9847546e-03  -3.5429042e-04   5.1604521e-04   2.9295647e-04
   2.1591198e-02   1.0280848e-01   2.7053687e-02  -1.1650145e-05   7.3810990e-04   2.8679882e-04
  -4.5449063e-04   5.1302661e-02  -1.8151155e-02   4.0373294e-05   3.2349980e-04   3.3678352e-04
   8.6511924e-03   1.6854399e-01   2.1074852e-02  -2.8265706e-04   7.1582123e-04   3.3248936e-04
  -2.4735979e-02   1.8183503e-02  -1.8896243e-02  -1.1594048e-05   3.9795266e-04   4.8889119e-04
   1.1966458e-02   1.5470965e-01   2.3906218e-02  -7.4608870e-04   7.0785123e-04   4.4723642e-04
  -3.1574772e-02   3.0127024e-03  -2.4835646e-02   1.9661103e-04   7.6840890e-04   6.0237542e-04
   1.2431582e-03   1.0884666e-01  -7.6283832e-03  -8.4590840e-04   9.4598228e-04   5.7790048e-04
  -3.9678617e-02   3.4957702e-02  -1.1063568e-02  -2.4648801e-04   5.4206136e-04   3.2054992e-04
   2.6543639e-02   9.1121293e-02  -3.8634055e-02  -4.0652041e-06   5.2060505e-04   1.6137376e-04
   5.1882505e-03   1.0527371e-01   1.8651119e-02   4.5733648e-04   4.3981350e-04   6.7316864e-05
  -7.0592413e-03   4.4590172e-02   3.2616096e-03   6.7262746e-04   2.1697564e-04   2.1489969e-04
   1.0911643e-02   7.5519617e-02  -2.5245943e-02  -3.2496913e-04   1.2088573e-04   5.5504265e-04
   2.6607330e-02   9.4332036e-02   2.7683030e-02  -1.8565551e-04   8.8157164e-05   3.0107234e-04
  -6.7317980e-03   8.6883783e-03  -5.9365748e-02  -2.7753304e-04  -1.7852525e-04   4.0252778e-04
   3.0055696e-02   1.2815183e-01   2.5175431e-02  -5.4183532e-04  -1.1118535e-04   4.2109311e-04
   2.9623234e-03   6.7902709e-04  -2.2487918e-02   4.8273193e-04  -1.3433859e-04   3.9374322e-04
   1.3056022e-02   1.3446139e-01   2.5198493e-02   5.9999042e-05  -2.2942339e-04   3.1352343e-04
   2.8686500e-02   6.7867137e-02  -1.6544360e-02   4.6782368e-04  -7.3971398e-05   3.5403825e-04
  -7.3159594e-03   9.4165619e-02  -3.3865297e-02  -8.2563340e-05  -2.9608780e-04   5.1536843e-04
   4.6453977e-02   1.2427733e-01   1.1140552e-02  -2.3212190e-04  -3.1777193e-04   3.4665904e-04
   1.7932065e-02   7.9032775e-04  -5.2549067e-02   2.3741300e-04   6.6262651e-05   6.0327611e-04
   1.2543363e-02   1.1432155e-01   3.1731442e-03  -8.3912144e-04   2.3128216e-05   5.7301273e-04
   2.7424736e-02   8.3983926e-03  -1.2089765e-02  -1.0681597e-04   1.8204885e-05   2.1920474e-04
   2.0405932e-02   6.4107112e-02  -8.6152107e-03  -4.2383497e-04  -2.9175006e-04   3.5025812e-04
   4.6669858e-02   7.9545996e-02   6.4876197e-03  -4.7574384e-04  -7.2743831e-04   9.7467100e-05
   1.6601199e-02   5.0440989e-02  -6.4886951e-02  -6.6660735e-04  -7.8205789e-04   3.5014053e-04
   6.5633799e-02   1.6895747e-01   1.7558506e-02  -1.0471016e-03  -1.0067473e-03   1.6926378e-04
   3.2409985e-02   4.3178479e-02  -4.2395367e-02  -4.5871510e-04  -1.1228747e-03   5.8813116e-05
   4.4745091e-02   1.4622002e-01   1.7085980e-02  -1.1641635e-03  -1.1393335e-03   1.0430615e-04
   3.5691464e-02   2.2227759e-02  -3.3332086e-03  -2.0034854e-04  -1.0665665e-03  -7.0419255e-05
   3.5220625e-02   7.6685443e-02  -7.1739981e-03  -1.2884578e-03  -1.2178033e-03   1.2796587e-04
   5.3009419e-02   9.5119436e-02   6.6407076e-03  -4.7463816e-04  -1.7759345e-03   2.0492674e-05
   4.9015582e-02   2.9900584e-02  -1.5825988e-03  -1.5840105e-04  -1.7610393e-03   8.9983539e-05
   4.0900204e-02   1.4759735e-01   3.9747864e-02  -9.3980257e-04  -1.5885025e-03  -3.3986535e-05
  -2.5192038e-02   8.5009078e-03  -7.3040227e-02   1.0943052e-03   1.4150766e-03   3.6944289e-04
  -1.2315800e-02   1.4671525e-01  -3.4530153e-02   2.9198867e-04   1.3475118e-03   4.3196950e-04
  -1.6896076e-02   4.3304781e-02  -5.3367191e-02   7.1416262e-04   9.5224331e-04   3.2269643e-04
   3.6280913e-03   4.1080239e-02  -7.1639107e-02   3.9564488e-04   1.3167390e-03   4.7469192e-04
  -1.0882042e-02   5.7872741e-02  -2.1808004e-02   3.4301149e-04   1.2473371e-03   2.2064948e-04
   6.7715338e-03  -2.4084326e-02  -8.1587810e-02   5.4676042e-04   5.8938701e-04   1.6917584e-04
   1.4185756e-02   1.2709283e-01  -6.6679189e-04  -4.5727947e-05   5.9589719e-04   1.8907222e-04
  -1.2775601e-02   1.5900665e-02  -1.1590921e-01   7.5555628e-04   1.3371194e-04   1.7902136e-04
   2.8268670e-02   1.2093818e-01  -7.6250749e-02   3.9190354e-04   2.4214288e-04   4.6535635e-04
   2.0278851e-02   1.0279528e-01  -5.8752052e-02   7.3052868e-04   3.3784479e-04   3.1113594e-04
  -5.2751754e-03   1.0102041e-02  -1.0011299e-01   6.0507382e-04  -1.0339581e-04   4.1972809e-04
   4.4546868e-02   1.1031451e-01  -2.6027098e-02  -3.4415109e-04   1.2685447e-04   3.2509356e-04
   2.2322177e-02  -2.4046769e-02  -8.4869858e-02   7.8695615e-04   5.5479626e-06   1.8000490e-04
   2.5945302e-02   6.9624559e-02  -4.9170080e-02  -1.2958018e-04  -9.3273168e-05   3.1597873e-04
   3.1968923e-02   6.8839399e-02  -3.2213182e-02   6.2401147e-04  -2.6473759e-04   2.9868587e-04
   2.8758318e-04   4.5484539e-02  -8.5453056e-02   4.5728641e-04  -5.0315119e-04   3.7847634e-04
   3.1134051e-02   1.4917212e-01  -2.7915701e-02   1.5020328e-04  -3.6762147e-04   3.8874081e-04
   2.8385606e-03   3.7676659e-02  -1.1104970e-01   8.1971365e-04  -6.5660932e-04   3.7350490e-04
   4.1908219e-02   1.3348943e-01  -4.5217932e-02  -2.9401942e-05  -1.6675440e-04   4.7552529e-04
  -8.9113832e-03  -6.3024132e-03  -8.0370054e-02   4.3523098e-04  -3.4107855e-04   4.2597074e-04
   2.1655583e-02   7.8111548e-02  -4.3828843e-02  -2.7227759e-04  -4.2974922e-04   5.7950757e-04
  -7.6996622e-03   3.9104677e-02  -1.0610936e-01   2.6505674e-04  -4.2313222e-04   5.7806028e-04
   1.6210005e-03   7.7251623e-02  -9.1729281e-02   2.3779890e-04  -4.4761147e-04   8.0802344e-04
   1.1103789e-02   1.2416038e-01  -8.1326663e-02   8.7693163e-05  -2.6436887e-04   5.4428803e-04
  -7.5663919e-03   1.1711296e-02  -1.2956122e-01   1.2366385e-03  -6.5946899e-04   6.3376312e-04
   3.4878287e-02   1.3179237e-01  -7.3725224e-02  -3.8048175e-05  -5.2650198e-04   7.2163881e-04
  -5.4724622e-03   2.6465763e-02  -1.1659234e-01   4.9875034e-04  -5.7496036e-04   4.8986061e-04
   2.3204168e-02   4.7442153e-02  -8.3926832e-02  -1.2503886e-04  -7.0503881e-04   5.9418607e-04
   2.7717130e-02   8.6853584e-02  -7.2332225e-02  -2.9262248e-04  -6.4264309e-04   4.4269554e-04
   4.9408187e-03   1.2722817e-02  -1.2998141e-01  -2.2841370e-04  -8.1885517e-04   5.4381211e-04
   2.3178922e-02   1.4335657e-01  -4.2684838e-02  -8.8692977e-04  -3.9250696e-04   3.7565994e-04
   8.2171599e-03   3.5063018e-02  -1.3332540e-01  -3.3841986e-04  -7.1617813e-04   3.9669541e-04
   2.7346652e-02   1.3658015e-01  -9.5069444e-02  -8.0415269e-04  -4.9937989e-04   7.9580608e-04
   3.7045485e-02   1.3377802e-01  -1.5337492e-02  -7.1139841e-04  -8.0057470e-04   5.0654672e-04
   1.2453230e-02   3.3594695e-03  -1.1115803e-01  -2.6714642e-04  -1.0260982e-03   8.4590994e-04
   3.6448866e-02   1.3920542e-01  -9.0082204e-02  -1.2601367e-03  -9.4915457e-04   9.0693344e-04
   3.8241409e-02   6.3498541e-02  -5.8772724e-02  -8.8413019e-04  -1.0520858e-03   3.7363156e-04
   2.0439138e-02   4.0064414e-02  -1.1523321e-01  -8.1924967e-04  -1.4755935e-03   5.6216361e-04
   4.9138433e-02   1.3381336e-01  -3.8288237e-02  -9.9729240e-04  -1.3562294e-03   4.9775901e-04
   4.0377722e-02   3.5660996e-02  -1.3633030e-01  -1.1135112e-04  -1.5653474e-03   4.8034594e-04
   4.2094137e-02   1.5877540e-01  -6.8326479e-02  -8.5622948e-04  -1.3288368e-03   6.3932332e-04
   1.9347148e-02   6.3769793e-02  -1.0159922e-01  -2.5231700e-04  -1.5889309e-03   5.3120406e-04
   4.3866891e-02   6.2602214e-02  -1.4365961e-01  -1.1541349e-03  -1.6273211e-03   8.0990944e-04
   6.0339716e-02   9.6012944e-02  -5.0933417e-02  -1.5340107e-03  -1.4468546e-03   5.2037840e-04
   3.2663210e-02  -6.2656373e-05  -1.5775807e-01  -1.0848998e-03  -1.6994288e-03   4.9012520e-04
   5.8088586e-02   1.0051970e-01  -1.0139803e-01  -1.5445552e-03  -1.6687099e-03   8.1537278e-04
   3.8567361e-02   8.8059274e-02  -6.5658431e-02  -1.6060916e-03  -1.7804203e-03   4.9432790e-04
   1.1246327e-02   3.2696319e-02  -1.6380314e-01  -8.6352703e-04  -1.6074112e-03   7.4137503e-04
  -8.3338630e-03   1.4500470e-01   5.9845037e-02   3.2469197e-04   1.7620065e-03   4.2298789e-04
  -5.1160083e-02   4.2742213e-02   3.9815136e-02   6.0161775e-04   1.7290028e-03   2.2016965e-04
  -2.9300354e-02   2.4092951e-02   3.4906913e-02   6.4608977e-04   1.7108873e-03   5.2277274e-04
   1.2396938e-02   7.2644785e-02   8.7507022e-02  -5.8751857e-05   1.7102867e-03   3.8783193e-04
  -1.4313232e-02  -3.3590076e-02   3.0513130e-02   9.0304152e-04   1.6567395e-03   3.4588188e-04
  -1.8862099e-02   8.1352783e-02   3.7692784e-02   9.1140405e-05   1.6912827e-03   4.6955568e-04
  -6.4832120e-03   5.9745748e-02   6.4730374e-02   3.5646128e-04   1.8336537e-03   3.8922225e-04
  -3.3067001e-02   1.2980161e-02  -4.5240997e-02   9.6503268e-04   1.5198163e-03   5.6753123e-04
  -7.3750430e-03   1.4851606e-01   6.6884135e-02   4.2976140e-04   1.9684001e-03   5.6741878e-04
  -3.8043503e-02   2.7682584e-02   4.5372430e-03   1.1100134e-03   1.4077737e-03   4.5928835e-04
  -1.0451229e-03   4.5525599e-02   2.6525259e-02   2.9940662e-04   1.8123635e-03   7.5122520e-04
  -4.6134435e-02   5.2542214e-02   4.3434007e-02  -3.7490521e-04   1.9143277e-03   8.0581381e-04
  -2.6621698e-02  -5.1515680e-03  -1.8454064e-02   9.5840741e-06   1.5264966e-03   6.9150699e-04
  -2.6418318e-02   9.8766754e-02   4.8951534e-02  -7.9216148e-04   1.9603120e-03   6.9501753e-04
  -5.3573147e-02   2.6470720e-02  -6.2023567e-03   1.5624989e-04   1.7718522e-03   6.7928098e-04
  -4.1222767e-02   7.4845206e-02  -2.7569751e-02   1.9621581e-04   1.2050844e-03   9.3281696e-04
  -1.4964737e-02   1.1763715e-01   3.5772737e-02  -2.3747618e-04   1.5446016e-03   9.2517840e-04
  -3.9118970e-02   5.5065972e-03  -3.2558337e-02   1.0359804e-03   1.1013865e-03   1.0345317e-03
   3.3008530e-04   8.1957387e-02   1.8264874e-02  -2.5040309e-04   1.2808015e-03   1.0746514e-03
  -2.3844383e-02  -4.2256731e-03   3.1995048e-03   5.7623113e-04   1.1314791e-03   7.7475346e-04
   2.1943447e-02   2.5866773e-02  -1.0979210e-02   1.5026502e-04   7.3711398e-04   8.0552018e-04
   1.4111783e-03   7.5618557e-02   3.8688889e-02  -3.1398313e-04   1.6075813e-03   6.9220982e-04
  -2.9199821e-02  -1.9892337e-03  -5.5582834e-02   7.0638806e-04   8.7163235e-04   6.3411580e-04
   8.5242290e-03   1.1376716e-01   1.2524305e-03  -9.0230485e-05   1.3635339e-03   9.5350117e-04
  -2.1741850e-02   9.8737025e-02  -6.6755270e-03   3.7734217e-04   1.1819970e-03   6.7923881e-04
  -1.4948018e-02   1.7385277e-02  -7.3416687e-02   7.2291151e-04   1.0892583e-03   8.6404645e-04
  -5.4525778e-03   8.6112816e-02  -2.2205299e-02  -3.9402959e-04   8.3541407e-04   9.1992332e-04
   1.2196598e-02   3.9108468e-02  -7.3692093e-03  -1.6778805e-04   8.0953795e-04   5.3951987e-04
  -2.2820687e-02  -6.0835578e-03  -5.3973361e-02   7.5398917e-04   4.0959873e-04   4.7770376e-04
   2.7674815e-02   9.2217518e-02   2.4966752e-02  -7.9623017e-04   3.7684840e-04   4.9486470e-04
  -1.0705012e-02   3.3569877e-02  -1.0968428e-02  -4.0709086e-04   4.9392024e-04   4.1579938e-04
   1.3142216e-03   4.8917134e-02  -7.5863131e-02   1.6141877e-04  -1.8441297e-04   7.2383479e-04
   3.2251175e-02   1.1650933e-01   5.2174059e-03  -5.7422451e-04   2.0778278e-04   7.1985849e-04
  -1.1046188e-02   2.9056010e-02  -1.0828745e-01   6.8406904e-04  -3.4669516e-04   6.9601312e-04
   2.7757765e-02   9.5445730e-02  -5.0939310e-02  -4.8391075e-04   1.7537508e-05   9.3967674e-04
   5.7495856e-04   4.6066632e-02  -1.4197768e-02  -4.5421265e-04   3.8905005e-04   7.8890922e-04
  -8.7217460e-03  -5.6318771e-03  -8.7337876e-02   3.9230895e-05   8.3294235e-05   8.9551056e-04
   9.2682037e-03   9.0766460e-02   7.1911116e-03  -6.9255205e-04   4.0890890e-04   7.5271464e-04
  -1.6894329e-02   5.2773826e-02  -1.8390770e-02   7.8765332e-05   1.5460643e-04   7.0701221e-04
  -6.5866138e-03   1.4699903e-02  -8.9299378e-02   7.9349340e-04  -2.9289511e-04   1.0413685e-03
   1.4849670e-02   1.5537237e-01  -4.6532610e-03  -5.9852299e-04   1.9774627e-04   1.1334403e-03
  -2.4628072e-02   4.0492405e-02  -3.8971970e-02   6.0111718e-04  -7.1001572e-05   8.8982517e-04
  -6.8807644e-03   8.8438157e-02  -7.4669281e-02  -3.2303058e-04  -3.2860025e-04   9.6662612e-04
   3.2404579e-02   7.9028477e-02  -6.3605952e-03  -4.9164020e-05  -3.8803970e-04   1.0623457e-03
  -4.6456942e-03  -1.7805575e-02  -9.6851082e-02   3.3058846e-04  -7.7425875e-04   9.3574353e-04
   3.0944877e-02   8.4557302e-02  -1.1049421e-02  -5.9936059e-04  -4.0638126e-04   8.9944694e-04
   8.5643340e-03   6.4157911e-02  -1.9021283e-02  -3.0999745e-04  -6.8652212e-04   6.6137101e-04
  -2.8398511e-04   2.6359178e-02  -9.4730944e-02   1.8525035e-04  -7.1211085e-04   8.2193433e-04
   4.0046973e-02   1.0820770e-01   1.1137989e-02  -2.2689931e-04  -5.7254101e-04   9.5247809e-04
   6.1609747e-03   2.5206967e-02  -4.8835761e-02   4.5503411e-04  -8.1422666e-04   8.5954124e-04
   1.3609702e-02   3.3197814e-02  -7.7252002e-02   1.7469824e-04  -7.7922484e-04   9.4972346e-04
   4.5994181e-02   8.7958770e-02   1.7516478e-02  -1.6332979e-04  -4.1223530e-04   9.1815352e-04
  -4.6401125e-03  -1.3398596e-02  -6.5635652e-02  -8.5514816e-05  -6.9108566e-04   6.8109120e-04
   1.4314081e-02   3.1925519e-02  -8.5880655e-02   3.5028319e-04  -8.1594397e-04   7.4622841e-04
   2.3670317e-02   9.4997832e-02   2.5293296e-03  -4.3629309e-04  -7.7768856e-04   6.9319276e-04
   1.2754984e-02   2.6654988e-02  -9.4818569e-02   3.9518107e-04  -7.8667989e-04   6.9856934e-04
   2.0841582e-02   9.8825771e-02  -5.4889474e-02   3.4876287e-05  -8.7605729e-04   8.4641552e-04
   2.4796464e-02   1.2640551e-01  -3.4656178e-02  -3.1319711e-04  -6.6701058e-04   8.4043894e-04
   2.4610843e-02  -2.6099248e-02  -9.8021212e-02   3.3185842e-04  -9.3069631e-04   8.3096515e-04
   4.0554301e-02   6.0054845e-02  -1.9550089e-02  -5.2840869e-04  -7.6748290e-04   8.5053867e-04
   2.1752094e-02   2.8177709e-02  -2.3841861e-02  -5.1269216e-04  -8.1926747e-04   5.1999750e-04
   2.1789452e-02   5.1973787e-03  -7.3306409e-02   6.0301610e-05  -9.9197890e-04   5.3834933e-04
   3.0702614e-02   1.0784967e-01  -1.6166932e-02  -8.9333619e-04  -1.1807489e-03   6.5119281e-04
   2.0808186e-02   2.5833785e-02  -9.2212022e-02  -5.7700841e-05  -1.1263134e-03   6.7689356e-04
  -1.6538783e-02   6.7831977e-02   2.5964664e-02  -1.1825952e-03   2.1677106e-03   3.1013271e-04
  -2.5026639e-02   1.0978891e-01   3.0300051e-02  -1.5811458e-03   2.1646648e-03   2.2671083e-04
  -3.1986105e-02   2.3352049e-02  -3.1236675e-02  -5.1258066e-04   1.8542687e-03   3.1203023e-04
  -3.1093213e-02   1.2222221e-01   2.9285489e-02  -1.7920774e-03   2.1022225e-03   4.2200900e-04
  -2.9899280e-02   2.9356823e-02  -1.3570444e-02  -9.5668312e-04   2.0839473e-03   3.1586433e-04
  -4.6882709e-02   4.7451274e-02  -6.3764123e-02  -3.7183393e-04   2.0082248e-03   3.1756487e-04
  -1.0571468e-02   1.2175695e-01   4.2425904e-02  -1.6189338e-03   1.9267789e-03   1.4947341e-04
  -4.9077548e-03   5.5623204e-02   4.2763398e-02  -1.0288506e-03   2.5046815e-03   8.0318946e-06
  -4.9186690e-02   1.7580011e-02  -9.2389321e-02  -1.2499835e-04   2.4417025e-03   5.2198136e-04
  -1.9917350e-02   1.4565830e-01  -2.3961114e-02  -1.0684644e-03   1.9359828e-03   5.6185049e-04
  -1.6445923e-03   9.5330128e-02   7.5641873e-02  -9.8268861e-04   2.3341929e-03   3.4731146e-04
  -3.5796728e-02   3.4825248e-02   7.8442076e-03  -5.1261624e-04   2.4269727e-03   2.3358110e-04
  -3.7249401e-02  -5.8447628e-03  -5.8182733e-02  -3.6213269e-04   2.5313504e-03   3.8426394e-04
  -5.0182184e-02   1.1328569e-01   4.0979731e-02  -1.3621047e-03   2.3297061e-03   2.2212809e-04
  -2.3336213e-02   5.9102093e-02   4.5953330e-02  -6.5424085e-04   2.2428069e-03   8.6879310e-05
  -5.1589787e-02   2.1000954e-02  -5.0641523e-02   1.6868419e-04   1.8550336e-03   3.1957284e-04
  -2.0544390e-02   1.3895941e-01   2.5898622e-04  -1.1466974e-03   1.4289053e-03   1.9637612e-04
  -1.6014556e-02   6.1605584e-02   3.1020503e-02  -6.9364016e-04   1.7190015e-03   7.5015960e-05
  -4.0654753e-02   2.4113817e-02  -4.6760623e-02   5.1450578e-05   1.6323083e-03   2.4936073e-04
  -1.9235779e-03   7.8154843e-02   3.8796710e-02  -1.3278243e-03   1.4683067e-03   9.1394268e-05
  -5.1811715e-03  -2.4566703e-03  -1.1342301e-02  -1.2030877e-03   2.0092857e-03  -1.4695055e-04
  -1.1565029e-02   4.0505844e-02  -7.0971778e-02  -8.0454043e-04   1.7724153e-03   1.3674691e-04
  -2.2537922e-02   1.1490445e-01   9.2631946e-03  -1.4432008e-03   1.4345724e-03   9.7312929e-06
  -4.3338760e-03   4.1648755e-02  -2.9782567e-02  -9.1410519e-04   1.5588679e-03  -2.3081496e-05
  -2.7811346e-02   7.9380773e-02  -1.1213035e-01  -6.4749757e-04   1.0733729e-03   2.3702312e-04
   1.3915548e-02   1.5551442e-01   7.0825347e-04  -1.6237112e-03   1.3770203e-03   2.5400824e-04
  -2.4990097e-02   3.1729824e-02  -5.2135012e-02  -9.4259624e-04   1.3278159e-03   1.9264798e-04
  -5.9424319e-03   4.3578937e-02  -8.4902511e-02  -1.2204230e-03   1.0521947e-03   1.5559834e-04
  -5.7793531e-03   1.0116216e-01  -1.4820873e-03  -1.8108323e-03   1.7350889e-03   1.6600158e-04
  -4.1195076e-02   1.6774177e-02  -9.9793746e-02  -1.0853811e-03   1.4394919e-03   1.3510127e-05
  -1.3765724e-02   8.9025904e-02  -4.7696191e-02  -1.4687825e-03   1.3150175e-03   2.0082082e-04
   5.2930825e-03   7.9294204e-02   3.5063333e-03  -1.5125388e-03   1.2776257e-03  -1.6418900e-06
  -1.3514424e-02   1.3774901e-02  -1.3813112e-01  -8.4178150e-04   1.4569367e-03   1.1893820e-04
   6.1509771e-03   1.1181354e-01  -6.0786068e-02  -1.2361158e-03   1.3140398e-03   9.5776516e-05
   1.9364556e-02   6.9965812e-02  -1.6703291e-02  -1.2136800e-03   1.8455625e-03   6.5059242e-05
  -3.7560019e-02  -4.7321127e-03  -1.1730248e-01  -7.9364877e-04   2.0753779e-03   8.6452241e-05
  -8.4204823e-03   9.9796614e-02  -7.6490124e-02  -1.6659930e-03   1.4232769e-03   2.6176915e-04
   2.1322139e-02   7.7301885e-02   3.7686817e-03  -2.3772823e-03   2.0014582e-03  -8.6329373e-05
  -1.8275525e-02   3.9266167e-02  -8.8734205e-02  -8.6278657e-04   2.4557055e-03   1.2241333e-04
  -3.6373066e-02   1.1953695e-01  -4.1663053e-02  -1.9030388e-03   1.9819830e-03   2.2464914e-04
  -1.2180097e-02   1.0489035e-01   1.6262688e-03  -1.7209488e-03   1.7301685e-03   9.7517508e-06
  -1.3393942e-02   4.4900880e-02  -8.2125398e-02  -8.4373448e-04   2.1047294e-03   1.8118792e-04
  -1.3074083e-02   1.3174400e-01  -2.3654690e-02  -2.0165756e-03   1.6651005e-03   1.4112794e-04
  -9.7266112e-03   6.7009521e-03  -6.7075406e-02  -1.2126679e-03   2.2392753e-03   6.7021126e-05
  -1.7805917e-02   2.1481227e-02  -1.2499420e-01  -1.5454393e-03   2.0462397e-03   3.1337393e-04
  -2.9485812e-02   1.5042629e-01  -2.1592462e-02  -2.5955672e-03   1.9910184e-03   9.1919245e-05
  -2.6653141e-02   2.6209971e-02  -5.8595505e-02  -1.0670185e-03   1.8733899e-03   1.0491890e-04
  -3.6644150e-02   8.1787878e-02  -7.9847996e-02  -1.1142322e-03   1.7213992e-03   2.2568154e-04
  -2.2747549e-02   1.1749199e-01  -2.2865049e-02  -2.0186704e-03   1.7407165e-03   1.0115156e-05
  -3.0527301e-02   3.8290656e-02  -1.0150665e-01  -1.2562364e-03   1.7404840e-03   1.4726383e-04
  -1.4425745e-02   1.2509965e-01  -5.4440407e-02  -2.0886901e-03   1.6195589e-03   3.1308133e-04
  -1.8583083e-02   3.7707383e-02  -1.0382825e-01  -1.5456496e-03   1.6395532e-03   2.2427670e-04
  -1.4105681e-02   3.6845481e-02  -8.7681980e-02  -1.8530988e-03   1.6764980e-03   3.1981041e-04
  -1.1858585e-02   1.0382116e-01   6.0555738e-03  -2.1790230e-03   1.8556550e-03   1.6714286e-04
  -2.3279935e-02   1.1701561e-02  -1.0199537e-01  -1.0522888e-03   1.6867047e-03   1.3547907e-04
  -2.0115229e-02   1.3341127e-01  -1.0567235e-02  -2.0320059e-03   1.7575955e-03   4.0539655e-04
  -3.2935843e-02   4.2445065e-02  -3.8935143e-02  -1.0856881e-03   1.6802993e-03   1.7694352e-04
  -1.1479772e-02   5.0860592e-02  -9.1980714e-02  -1.4625667e-03   1.4614180e-03   1.6841636e-04
  -3.2667767e-03   1.0360512e-01   2.0834938e-03  -1.8282931e-03   1.6464416e-03   2.7876120e-04
  -1.8339512e-03  -7.1625436e-02  -9.4274824e-03   2.1578883e-03  -4.6833998e-05   6.1938453e-04
   1.5324941e-02   8.2801007e-02  -5.8189276e-03  -2.6449456e-03   1.2489851e-03   1.0106097e-03
  -1.5193695e-02   5.8011198e-02   4.7171952e-02  -2.5797580e-03   1.3966167e-03   8.9397828e-04
  -2.4779954e-02   5.5061225e-02  -1.9036563e-02  -1.2997832e-03   9.0090006e-04   7.8784347e-04
  -1.1380485e-02   1.2614748e-01   1.8591147e-02  -1.9965993e-03   9.7041453e-04   9.2847156e-04
  -8.3617222e-03   2.1541526e-02  -6.2454114e-02   1.5727758e-03   2.6370873e-04   4.7585724e-04
  -1.1740048e-02   3.7278766e-02  -1.0458596e-01   2.0617076e-03   3.1252965e-05   5.3212925e-04
   1.0900672e-02   8.1730804e-02  -5.5479072e-02   3.0447548e-04   3.9131593e-04   4.2063840e-04
  -3.1207070e-03  -4.4890708e-02  -8.5976079e-02   1.4820028e-03   3.5084798e-04   4.3320184e-04
  -3.0337233e-03  -2.3797999e-02  -1.1478969e-01   1.6478028e-03   4.1870828e-04   5.4929276e-04
   1.7321923e-03   2.7739943e-02  -6.5762319e-02   4.7364278e-04   4.5078637e-04   1.9405238e-04
   6.3059838e-04   2.4911191e-02  -3.5186851e-02   5.3676941e-04   7.3477231e-04   3.5589326e-04
  -1.9183443e-02   2.2164103e-03  -1.3578536e-01   1.7753435e-03   1.8450998e-04   5.6288344e-04
   1.4259423e-02   8.9514746e-02  -1.0559250e-01   7.2329896e-04   1.9512254e-04   8.3414063e-04
   5.6426754e-03   3.1592801e-02  -8.8148167e-02   1.3449990e-03   1.9843280e-04   6.8684253e-04
  -2.8662357e-03  -2.4116828e-02  -1.1499502e-01   1.5471052e-03   1.9819242e-04   4.1724281e-04
   1.8822335e-02   4.9670489e-02  -4.2232707e-02   8.6467335e-04   4.8258492e-04   3.4499069e-04
   3.0731871e-03  -1.5466040e-02  -8.5630415e-02   1.1492041e-03   7.1439054e-04   2.4119702e-04
  -2.5261905e-02   1.0158186e-03  -1.2703260e-01   1.2455787e-03   5.1374447e-04   3.0612003e-04
   1.5377870e-02   6.1841276e-02  -5.6595651e-02   3.4859221e-04   5.9678287e-04   5.1473173e-04
  -1.0921220e-03  -1.5948763e-02  -1.2260932e-01   1.1506413e-03   6.8235438e-04   4.4997317e-04
   1.4569361e-02   3.5622666e-02  -1.5548890e-01   1.4923646e-03   5.5169473e-04   7.3259604e-04
   1.6003538e-02   1.0836981e-01  -7.4420593e-02   6.9459563e-04   5.3716716e-04   4.7754532e-04
   2.1154722e-02  -3.0694566e-02  -1.4709302e-01   1.0475886e-03   4.9051391e-04   2.9825172e-04
  -7.4381514e-04  -1.6831214e-03  -1.6289144e-01   1.1776149e-03   5.4835460e-04   6.6740601e-04
  -2.5835649e-03   7.1610294e-02  -8.4329095e-02   3.9034558e-04   5.4120136e-04   4.7229888e-04
   9.0908396e-03  -1.1091377e-02  -1.4554559e-01   1.1410763e-03   6.0866836e-04   2.7331456e-04
  -1.0805271e-02   3.7477701e-02  -1.7487878e-01   1.3994381e-03   2.7837237e-04   5.4134983e-04
   2.7437545e-02   9.1736689e-02  -8.4740752e-02   1.5384665e-04   5.7191614e-04   4.1491504e-04
   2.2512207e-03  -4.1945909e-03  -1.3697284e-01   9.6038036e-04   2.1286984e-04   3.0990194e-04
   2.8965555e-02   3.7024603e-03  -2.1019126e-01   9.3083516e-04  -1.6081598e-04   6.6998582e-04
   3.1373894e-02   6.0273965e-02  -1.0414125e-01  -1.2073828e-04   2.6068631e-04   5.4934536e-04
   2.5660338e-02  -5.3881405e-02  -1.3458252e-01   6.6770582e-04   4.0637914e-04   4.3976923e-04
   1.1556627e-02  -1.2314973e-02  -2.0857398e-01   7.3480799e-04   2.0152847e-04   5.5858656e-04
   2.2688163e-02   5.1263449e-02  -8.3091191e-02  -2.5397534e-04   4.3423714e-04   5.2375020e-04
  -1.2348871e-02  -1.8368989e-02  -1.4544817e-01   9.0334562e-04   2.8333591e-04   3.9410169e-04
   6.9872138e-03   4.8165902e-02  -1.7262309e-01   3.1612286e-04   2.7346897e-04   5.7099344e-04
   4.3660522e-03   1.0881313e-01  -9.8870904e-02   2.3028238e-04   1.7361054e-04   3.9281720e-04
  -1.4792084e-02  -7.5082388e-03  -1.9037684e-01   8.7750723e-04  -5.7313269e-05   4.6698504e-04
   9.7792099e-03   2.5387059e-02  -2.1243193e-01   6.3866205e-04  -1.1384701e-05   5.6200856e-04
   1.5638438e-02  -2.9899648e-03  -2.3395704e-01   4.9018695e-04  -1.5924194e-04   3.0711873e-04
   5.4163417e-02   9.8272499e-02  -1.3293267e-01  -4.0667467e-04   4.8212011e-04   2.8479009e-04
  -2.2003603e-02  -4.0815798e-02  -2.2519810e-01   6.6082224e-04   4.9879353e-04   1.3884658e-04
  -7.0648232e-03   6.5307406e-02  -1.9954934e-01   4.2086419e-04   3.9101239e-06   1.9419267e-04
   2.4020489e-02   5.1519418e-02  -1.3609032e-01   6.5432410e-04  -1.2520530e-04   9.6440685e-05
   8.7673911e-03  -2.0995714e-02  -2.2627362e-01   1.1461214e-03  -1.6823626e-04   4.2514074e-04
   1.9575948e-02   1.5120596e-01  -1.5866666e-01  -2.4845178e-04  -1.5758257e-04   5.1979641e-04
   7.2617258e-03  -3.1558650e-03  -1.9888583e-01   5.3612358e-04  -7.4456749e-04   1.7792811e-04
   2.4898867e-02   4.6124326e-02  -1.7227992e-01   1.4401053e-04  -6.2187292e-04   3.3718492e-04
   7.3649282e-03   4.5199288e-02  -1.3275288e-01  -7.0722124e-04  -3.0986619e-04   3.1715741e-05
   8.7035212e-03  -3.1291948e-02  -2.1103448e-01   7.4704443e-05  -6.1497361e-04  -3.5515627e-05
   4.0091562e-02   1.1595627e-01  -1.2314298e-01  -1.0517467e-03  -3.2032005e-04   2.8399533e-04
   1.0567575e-02   2.1840571e-02  -1.9387670e-01  -5.6653150e-05  -5.3270947e-04   2.6811213e-04
   3.3425459e-02   6.2340604e-02  -1.8513433e-01  -6.7726265e-05  -4.3749914e-04   4.6116075e-04
   1.8384472e-02   5.4224129e-02  -1.2138092e-01  -6.0509267e-04  -3.4409248e-04   3.7337382e-04
   1.1712666e-02  -3.3144167e-02  -2.2698752e-01   8.9528247e-05  -7.1596026e-04   3.6054369e-04
   3.4196038e-02   6.0553652e-02  -1.2389373e-01  -1.1858450e-03  -1.4370779e-04   5.9704022e-04
  -5.3410623e-04  -6.9021012e-02  -1.9932936e-01  -8.4205644e-06  -4.6348022e-04   6.1036277e-04
   2.3308972e-02   4.0208551e-02  -1.8001429e-01  -8.3893401e-04  -2.7687860e-04   7.5408394e-04
   2.9094981e-02   5.8465807e-02  -1.1930208e-01  -1.4133315e-03  -3.3959491e-04   7.2441083e-04
   5.9157327e-03  -1.8603722e-02  -2.1134685e-01   7.1244618e-05  -1.0133698e-03   7.7980462e-04
   3.9646310e-02   1.2095804e-01  -1.4591157e-01  -1.2754573e-03  -3.4549712e-04   9.2258128e-04
   1.7732563e-02   5.8344841e-02  -1.9175263e-01  -3.0262220e-04  -7.1941250e-04   8.9028651e-04
   1.1168819e-02   3.9328970e-02  -1.8656047e-01  -6.4585272e-04  -5.9010830e-04   8.7650985e-04
   5.5144191e-03   5.6506876e-02  -1.2282895e-01  -1.2180865e-03  -4.2318697e-05   8.7854113e-04
   6.7700088e-03   2.6498084e-03  -1.7673998e-01  -3.3453908e-04  -3.2189957e-04   8.1028238e-04
   4.7317843e-03   9.7350731e-02  -1.2126773e-01  -1.8878980e-03   3.5546013e-04   8.7293142e-04
  -2.3638806e-02   2.3838795e-02  -1.7424391e-01  -9.3582784e-04   2.2968158e-04   8.5155992e-04
  -9.5587311e-03   5.9653178e-02  -2.1427688e-01  -2.2650385e-04  -1.4571580e-04   1.0568755e-03
  -1.5158260e-02   1.2835557e-01  -1.2963268e-01  -7.7014198e-04   1.4173287e-04   1.2462269e-03
  -2.2067938e-03   2.7210550e-02  -1.7245152e-01  -1.7934607e-04   3.9826529e-04   1.2319320e-03
  -1.7678727e-02   3.3429856e-02  -2.2766230e-01  -5.9272144e-04  -6.7587380e-05   1.0886710e-03
   2.2936835e-02   6.6591832e-02  -1.3908966e-01  -1.4749989e-03   4.7049333e-05   1.0291798e-03
   1.6995259e-03  -1.8768807e-02  -1.9931405e-01  -1.1401353e-04  -1.7293475e-04   8.5655398e-04
  -2.6593925e-03   7.2178467e-02  -2.0156543e-01  -1.3197642e-03  -2.1412620e-04   9.6678435e-04
   5.0234603e-03   7.3761335e-02  -1.3431457e-01  -1.5388622e-03   3.2542169e-05   8.4893461e-04
  -1.0978550e-02   2.3888144e-03  -2.3022456e-01  -4.1750589e-04  -5.6715972e-04   8.5499704e-04
   4.4720627e-02   5.5210384e-02  -2.6302934e-01  -5.9811306e-04  -3.4218627e-04   8.8689022e-04
   1.1559965e-02   4.1968521e-02  -2.1563314e-01  -1.1119728e-03  -1.2834719e-04   9.6661699e-04
  -2.5673671e-03   6.5092047e-02  -1.8961767e-01  -1.4916817e-03  -3.4944812e-04   9.9106443e-04
  -7.8353184e-03  -2.2534159e-02  -2.7018283e-01  -1.2898148e-04  -6.8684066e-04   8.3914610e-04
   2.3453915e-02   8.6208211e-02  -1.7418053e-01  -1.9155943e-03  -4.4348179e-04   8.4892247e-04
  -6.7208044e-03   3.1320938e-03  -1.9882039e-01  -9.7692223e-04  -5.8244672e-04   6.9746481e-04
   6.7067517e-03   3.8604876e-02  -2.6205229e-01  -6.8852115e-04  -9.6315750e-04   8.8759586e-04
   2.0066161e-02   1.0951160e-01  -1.8227704e-01  -1.5387121e-03  -4.9240853e-04   1.0330973e-03
   8.2903676e-03   9.1177482e-03  -2.5467260e-01  -1.1671500e-04  -8.9236983e-04   1.0277925e-03
   2.3089094e-02   1.1294789e-01  -1.7382845e-01  -1.5497959e-03  -4.1856272e-04   9.4899675e-04
  -1.8847498e-02   3.6656898e-02  -1.9449116e-01  -7.6539730e-04  -1.4454218e-04   9.7773136e-04
   1.4180555e-02   4.9613497e-02  -2.3336008e-01  -9.0707607e-04  -5.0628407e-04   9.8445311e-04
   2.0946223e-02   7.4682705e-02  -1.7985714e-01  -2.1496797e-03  -2.6754040e-04   9.1340227e-04
   1.0612378e-03  -3.4145319e-02  -2.7583329e-01  -6.8555032e-04  -4.4724425e-04   8.4049729e-04
   4.5087642e-02   9.6588055e-02  -2.2205628e-01  -1.4415886e-03  -4.8744906e-04   9.2644611e-04
   2.1003126e-02   6.9465779e-02  -2.3592394e-01  -1.6663512e-03  -3.6480571e-04   8.7032618e-04
  -4.6141717e-03   3.9374132e-02  -3.2693130e-01  -8.3722084e-04  -4.9260204e-04   9.1969671e-04
   2.4071035e-02   1.3233233e-01  -2.0711774e-01  -1.7656476e-03  -5.1265817e-04   1.0887203e-03
  -9.5750333e-04   1.9241803e-02  -2.6464243e-01  -1.1809101e-03  -6.1401349e-04   9.2044428e-04
   2.8259401e-02   2.2989157e-02  -3.1843993e-01  -1.2014156e-03  -7.5966052e-04   8.9877184e-04
   2.5215958e-02   7.4069754e-02  -1.8387353e-01  -2.0817088e-03  -4.9417797e-05   9.1822613e-04
   1.2866149e-03  -2.0299424e-02  -2.3300267e-01  -9.4083433e-04  -4.7288318e-04   8.4010588e-04
   1.3705098e-02   6.1893236e-02  -2.6578922e-01  -1.7840232e-03  -3.5339360e-04   1.0064330e-03
   1.8900678e-02   1.0158088e-01  -2.4568149e-01  -2.3707389e-03  -1.2439195e-04   9.5099262e-04
